x,y,z,nx,ny,nz,curvature,density
32.88154983520508,-11.145988464355469,-0.1272993087768554,0.2339903809712536,0.8479714883143507,0.4755973681790857,0.1150676760872017,3.0
33.63565444946289,-11.360152244567873,-0.2875738143920898,-0.0,-0.0,-1.0,0.1304497358985844,1.0
33.37142562866211,-10.386279106140137,-0.2262516021728515,-0.8966910569899879,0.438715834481798,-0.0589369569041148,0.0686523567247832,4.0
33.38465881347656,-11.475241661071776,-0.1079955101013183,-0.0,-0.0,-1.0,0.0631473222568955,1.0
32.049007415771484,-10.52732753753662,-0.1864724159240722,0.4129073446284552,0.508431840808961,-0.755648455304111,0.0058609931630194,3.0
32.09590530395508,-11.071337699890137,-0.1330642700195312,-0.0,-0.0,-1.0,0.1267372332724657,2.0
31.77267837524414,-11.39568328857422,0.1047511100769043,-0.0,-0.0,-1.0,0.125067484929722,2.0
31.95285415649414,-11.464347839355469,0.2265739440917968,-0.0,-0.0,-1.0,0.0836022396041288,1.0
31.89962387084961,-11.09177589416504,-0.1164789199829101,0.0470651998900097,-0.808574674206188,-0.5865081953320608,0.2089698384863824,3.0
31.7606201171875,-11.210445404052734,-0.0036127567291259,-0.0,-0.0,-1.0,0.1855024075645759,2.0
31.793243408203125,-11.176694869995115,0.0001137256622314,-0.0162889566960667,0.1252729036434492,-0.9919885934336607,0.1645083498156671,3.0
31.77214813232422,-11.265877723693848,-0.0568258762359619,0.5815207058154541,0.1573443117176516,-0.7981706811691309,0.234290650048998,4.0
31.757062911987305,-11.040693283081056,-0.1125179529190063,-0.0,-0.0,-1.0,0.117251447928025,2.0
32.007694244384766,-11.442885398864746,0.0915488004684448,0.0144191675369966,0.9995518061654588,-0.02623498425593,0.2200497661271035,5.0
32.10295486450195,-11.579604148864746,0.0916018486022949,-0.3182642019958267,0.3372247146279274,-0.8859951408287025,0.0992669964357285,3.0
31.80868911743164,-11.534266471862791,0.0983219146728515,-0.0,-0.0,-1.0,0.1116029294854285,1.0
32.445343017578125,-10.712640762329102,-0.1222267150878906,-0.0,-0.0,-1.0,0.0586066379549222,1.0
32.23171615600586,-11.212600708007812,-0.0627621412277221,0.1113388295146303,0.537326158193905,-0.8359929812880553,0.2227972323264388,5.0
32.029052734375,-11.386367797851562,-0.0166366100311279,0.1394523386699817,0.3522309449051922,-0.9254655081042558,0.2038311814899535,4.0
32.19721221923828,-11.231197357177734,-0.0640648603439331,0.0288059415946464,-0.2430510833009972,-0.9695856788520844,0.1742119795136843,7.0
32.40406799316406,-10.661436080932615,-0.1120967864990234,-0.0,-0.0,-1.0,0.0408753632446276,1.0
32.174495697021484,-11.309425354003906,-0.0772606134414672,-0.2713957778501946,-0.1293981549935633,-0.9537297569276894,0.1387625164119286,4.0
31.886064529418945,-11.099983215332031,-0.1062521934509277,0.0470651998900097,-0.808574674206188,-0.5865081953320608,0.1959724285570454,3.0
32.37352752685547,-11.129106521606444,-0.1038241386413574,-0.0,-0.0,-1.0,0.1269466129565052,2.0
31.952491760253903,-11.1030912399292,-0.0736085176467895,-0.15018966113102,0.9446367255681172,-0.2917267941024536,0.2150252368558698,8.0
32.1856575012207,-11.226941108703612,-0.0729533433914184,-0.1052615429045649,-0.122234451045653,-0.9869036156398042,0.2437534796888583,7.0
31.997724533081055,-11.066812515258787,-0.0376657247543334,-0.0700960638306939,0.6617544015481452,-0.7464366375434016,0.156583815093961,3.0
32.2125244140625,-11.26805019378662,-0.050513744354248,-0.8422933046482319,-0.4557810357669061,-0.2877596851193838,0.1314353764755716,3.0
32.63665771484375,-10.79042911529541,-0.1576713323593139,-0.0,-0.0,-1.0,0.0958543914464968,2.0
31.772624969482425,-11.257137298583984,0.0591350793838501,-0.0,-0.0,-1.0,0.1999744156475947,1.0
32.44745635986328,-11.152932167053224,-0.1398870944976806,-0.8134787896233973,-0.5180848409947886,-0.2642732607818223,0.0662556254703827,3.0
32.74570083618164,-11.17284870147705,-0.2366009950637817,-0.0,-0.0,-1.0,0.0957398516022176,2.0
32.50844192504883,-10.80466651916504,-0.1747244596481323,0.1005861987964572,0.3202658634651855,-0.9419725013558404,0.0607075475931402,3.0
32.690345764160156,-10.87722110748291,-0.1824887990951538,0.959690424107329,0.085524755494445,-0.2677308463257659,0.0779008827933021,3.0
32.244808197021484,-11.78403377532959,-0.0406798124313354,-0.0,-0.0,-1.0,0.1416229735193724,1.0
32.57599639892578,-11.142802238464355,-0.1229473352432251,0.0222713014587492,0.5802543018477446,0.8141307845294392,0.0538238390348506,7.0
32.116607666015625,-11.786517143249512,0.0697290897369384,-0.0,-0.0,-1.0,0.1252137174402726,2.0
31.92415428161621,-11.046724319458008,-0.100743293762207,-0.0,-0.0,-1.0,0.2119949496866223,2.0
32.3072624206543,-11.17152214050293,-0.0924576520919799,-0.0,-0.0,-1.0,0.0829004789903558,2.0
32.096439361572266,-11.843586921691896,0.0808700323104858,-0.0,-0.0,-1.0,0.139105792362109,2.0
32.46165466308594,-10.667108535766602,-0.1686453819274902,-0.0,-0.0,-1.0,0.0582243621768865,1.0
33.243507385253906,-10.380788803100586,-0.2993882894515991,-0.0,-0.0,-1.0,0.0492657036028448,2.0
31.899993896484375,-11.243104934692385,-0.0601437091827392,0.0082424156702619,-0.2722559242685691,-0.962189572945262,0.2089944059100883,3.0
32.107601165771484,-11.25446605682373,-0.0534942150115966,-0.0,-0.0,-1.0,0.2076076616489302,2.0
32.91707992553711,-11.651678085327148,-0.1013828516006469,-0.0,-0.0,-1.0,0.0632947358691918,2.0
31.743589401245117,-11.948734283447266,0.0901606082916259,-0.0,-0.0,-1.0,0.1518783262208579,1.0
32.91537094116211,-11.318432807922363,-0.1974481344223022,0.0590355682974227,0.1264314543886144,-0.9902170918626784,0.0602343163513566,3.0
32.762672424316406,-11.124268531799316,-0.1485005617141723,0.1540488108577744,0.938182724317932,0.3099711916689822,0.1226761761640084,3.0
32.54591369628906,-11.124804496765137,-0.145218014717102,0.1859574791273162,0.8774076321499499,0.4422393729663061,0.0737697089460938,6.0
32.064266204833984,-11.677115440368652,-0.0241165161132812,-0.0,-0.0,-1.0,0.1445604254339775,1.0
33.1942024230957,-11.020511627197266,-0.1352506875991821,-0.4677063604696724,-0.0883393699196358,-0.8794583083344056,0.1001345768239855,4.0
32.72020721435547,-11.98267936706543,-0.0949933528900146,0.0275752326079216,-0.0718681763239124,-0.99703288400057,0.1913017825984087,4.0
33.1708869934082,-10.657943725585938,-0.2242211103439331,-0.0,-0.0,-1.0,0.046497536560793,2.0
32.40793228149414,-10.917600631713867,-0.1538689136505127,-0.0,-0.0,-1.0,0.0570372683260963,2.0
32.8348274230957,-10.95607566833496,-0.1446530818939209,-0.0,-0.0,-1.0,0.1099113066701402,1.0
32.25944519042969,-11.248926162719728,-0.0652772188186645,-0.0,-0.0,-1.0,0.105877935075984,2.0
33.225337982177734,-11.14646053314209,-0.1886546611785888,-0.0,-0.0,-1.0,0.0664583189064382,2.0
33.00819778442383,-11.485797882080078,-0.0899662971496582,-0.2865723159359834,-0.6260478793115324,-0.7252174574213031,0.1167963161339839,6.0
33.36948776245117,-12.012006759643556,-0.2127457857131958,-0.0,-0.0,-1.0,0.0576783843381838,1.0
31.945959091186523,-11.104738235473633,-0.0499132871627807,0.7135913599301771,-0.5292505626371938,-0.4590002320056215,0.1681766422068286,7.0
32.0589599609375,-11.53023910522461,0.052245020866394,-0.0,-0.0,-1.0,0.1294486954330456,2.0
33.28999328613281,-11.34799575805664,-0.2022387981414795,-0.0,-0.0,-1.0,0.0772334397063935,2.0
31.87845230102539,-11.355475425720217,0.0145525932312011,-0.3741510235477347,0.8702627386858212,-0.3203962815533861,0.1473295099299863,6.0
32.13378143310547,-11.364239692687988,-0.0657688379287719,-0.0,-0.0,-1.0,0.1557158614089633,1.0
31.720325469970703,-11.348081588745115,0.0232728719711303,-0.0,-0.0,-1.0,0.2070162975996107,2.0
32.2083854675293,-11.24445343017578,-0.1963710784912109,-0.8056433718975697,-0.4727681376658759,-0.3569720511825172,0.2022287206778454,3.0
32.591392517089844,-11.416387557983398,-0.1569421291351318,-0.0,-0.0,-1.0,0.0234761391518201,2.0
32.96751403808594,-11.215106964111328,-0.1827068328857422,-0.3456408912846759,0.3027289325658776,-0.8881934291917835,0.0546954176444776,4.0
31.962160110473633,-11.084315299987791,-0.0498430728912353,-0.1951644249230328,0.7531215559932218,-0.6282664794040902,0.178084201748775,6.0
32.48484802246094,-11.446331977844238,-0.1802619695663452,-0.0,-0.0,-1.0,0.0231469848653667,2.0
32.59095001220703,-10.911336898803713,-0.1400805711746215,-0.0,-0.0,-1.0,0.0925267133449683,2.0
31.77100372314453,-10.924732208251951,-0.027675986289978,-0.0,-0.0,-1.0,0.1590521405461869,1.0
33.5919303894043,-12.27867603302002,-0.158892273902893,-0.0,-0.0,-1.0,0.0149722196186866,1.0
33.6351203918457,-11.33177089691162,-0.1181546449661254,-0.0,-0.0,-1.0,0.1105079777057808,2.0
33.04981231689453,-12.118224143981934,-0.1598951816558838,-0.0,-0.0,-1.0,0.0286807690850411,2.0
33.05567169189453,-11.417251586914062,-0.0924243927001953,-0.2229923336041373,0.1965746774930753,-0.9547946456292444,0.1098281076700914,4.0
31.99246597290039,-11.359606742858888,0.0848670005798339,-0.0866375586064957,0.648772363799866,-0.7560346244771068,0.1966531448754117,5.0
32.930294036865234,-11.37884521484375,-0.18830406665802,0.5054283077074964,-0.5287843554420276,-0.6818572660078467,0.0908447518364255,3.0
33.05547332763672,-11.18345832824707,-0.1862279176712036,-0.0,-0.0,-1.0,0.0667210242356992,1.0
31.865318298339844,-11.339502334594728,0.001672625541687,-0.227782212890812,-0.5633139131849711,-0.7942245895858421,0.2241306153838914,6.0
32.08511734008789,-11.177247047424316,-0.0134633779525756,-0.0,-0.0,-1.0,0.127842786309628,1.0
31.892356872558594,-11.00430679321289,-0.0978952646255493,-0.0,-0.0,-1.0,0.0926830671219126,2.0
31.91571044921875,-11.270132064819336,-0.1425930261611938,-0.0,-0.0,-1.0,0.1520106691582306,2.0
33.037662506103516,-11.480037689208984,-0.0986757278442382,-0.0971730229619878,-0.1895508014154153,-0.9770506114276796,0.1092431666075181,6.0
33.36335372924805,-11.26382064819336,-0.1382116079330444,0.1560034658770847,-0.49256545211422,-0.8561788329653165,0.0729737399147572,3.0
32.11759567260742,-11.365809440612791,0.0908856391906738,-0.0,-0.0,-1.0,0.1654085661065711,2.0
31.873214721679688,-11.018288612365724,-0.1919571161270141,-0.0,-0.0,-1.0,0.0626730867414035,1.0
31.985626220703125,-11.295592308044434,0.007318377494812,-0.4334098583685261,-0.6746675446435277,-0.5974776973859759,0.1291550192222118,3.0
31.927133560180664,-11.107321739196776,-0.0928394794464111,0.1462297672119238,-0.8957526503540689,-0.4198142977136531,0.2458024796603754,8.0
32.01761245727539,-11.345393180847168,-0.1230973005294799,-0.3709185037882761,0.9025621932381708,-0.2186342857023342,0.1900186843888733,4.0
33.320701599121094,-11.3800048828125,-0.1380778551101684,-0.0,-0.0,-1.0,0.0779044151948785,2.0
33.558509826660156,-11.735433578491213,-0.203687310218811,0.9614216503755156,0.264762871549477,-0.074625947485409,0.022634714190181,3.0
32.937564849853516,-12.198593139648438,-0.1369495391845703,-0.1284047831389181,0.0050145633036868,-0.991709163929587,0.0405483945327283,4.0
31.753761291503903,-11.9537935256958,0.0080070495605468,-0.0,-0.0,-1.0,0.1770718470468892,1.0
32.752716064453125,-11.925183296203612,-0.0908303260803222,0.9764818833448464,0.1044573377179715,-0.188604867636483,0.1676810977783207,5.0
31.775733947753903,-11.814875602722168,0.1103007793426513,-0.0,-0.0,-1.0,0.1246237280110012,2.0
32.96055603027344,-12.125926971435549,-0.0776379108428955,-0.0,-0.0,-1.0,0.049082650883408,1.0
31.92974281311035,-10.732248306274414,-0.2161741256713867,-0.0,-0.0,-1.0,0.0180869702208873,1.0
32.00321960449219,-11.761778831481934,0.0069825649261474,-0.0,-0.0,-1.0,0.2507288866593752,1.0
32.74437713623047,-11.9447021484375,-0.1041717529296875,0.9498543400064792,-0.2561508367023517,-0.179341801116029,0.1285000552990316,8.0
33.104820251464844,-12.279815673828123,-0.1200368404388427,0.2975630064652618,0.0699174785357212,-0.952138542113784,0.0749537743054801,3.0
33.08522415161133,-11.196386337280272,-0.1167578697204589,-0.0,-0.0,-1.0,0.0517034799684315,2.0
31.930652618408203,-11.275089263916016,0.1010937690734863,-0.0,-0.0,-1.0,0.1003852429234682,1.0
33.6410026550293,-10.697697639465332,-0.2193572521209716,-0.0,-0.0,-1.0,0.0286608694285041,2.0
33.28169250488281,-10.671576499938965,-0.1566896438598632,-0.0,-0.0,-1.0,0.0527638196198043,1.0
31.829042434692383,-11.847417831420898,-0.0025527477264404,-0.0,-0.0,-1.0,0.1839358841598344,1.0
33.48925018310547,-11.310314178466797,-0.1288015842437744,-0.0,-0.0,-1.0,0.0853935574645103,2.0
33.22568893432617,-11.07828426361084,-0.1199541091918945,0.5747247465787686,-0.1697244128630403,-0.8005529897191481,0.0991602144529819,3.0
33.09149169921875,-10.83088207244873,-0.142441987991333,-0.0,-0.0,-1.0,0.0707498594466385,1.0
31.73822593688965,-10.752229690551758,0.0966906547546386,-0.0,-0.0,-1.0,0.0687816545956355,2.0
33.353904724121094,-11.998116493225098,-0.131260871887207,-0.0,-0.0,-1.0,0.059068459014368,1.0
33.46672058105469,-10.407305717468262,-0.180812120437622,-0.0,-0.0,-1.0,0.0522119237545341,2.0
32.164119720458984,-11.792125701904297,0.0766794681549072,-0.0,-0.0,-1.0,0.1209163982592704,2.0
33.32866287231445,-11.29167366027832,-0.1285085678100586,-0.054392613174749,-0.2673993550925774,-0.9620493898590112,0.0713207012552049,3.0
33.16773223876953,-11.211236000061035,-0.1190199851989746,-0.0,-0.0,-1.0,0.0678339492882225,2.0
33.660736083984375,-11.237859725952148,-0.2095346450805664,-0.0,-0.0,-1.0,0.1131091435178753,1.0
32.66995620727539,-10.754766464233398,-0.1558194160461425,-0.0,-0.0,-1.0,0.0534164499076449,2.0
31.80118179321289,-10.442634582519531,-0.1059808731079101,-0.0,-0.0,-1.0,0.0120859938833519,1.0
33.65956115722656,-10.373098373413086,-0.0932161808013916,-0.0,-0.0,-1.0,0.0438623061359917,2.0
33.31618118286133,-10.602712631225586,-0.1626677513122558,-0.0,-0.0,-1.0,0.0537880345937608,1.0
33.616451263427734,-10.72743797302246,-0.1764004230499267,-0.0,-0.0,-1.0,0.0225669353473621,2.0
31.91911506652832,-11.805181503295898,-0.0342261791229248,-0.0,-0.0,-1.0,0.1301797302524128,1.0
32.42805099487305,-11.136409759521484,-0.1125447750091552,0.0845807807165679,0.6973307069495623,0.7117415097341164,0.0908009563983453,5.0
33.126461029052734,-11.175214767456056,-0.1137475967407226,0.4185837055631302,-0.8577328037808514,0.2984662774171946,0.0710820246087834,3.0
32.14482116699219,-12.288331985473633,-0.113605260848999,-0.0,-0.0,-1.0,0.0082215860742212,2.0
32.52775192260742,-12.233367919921877,-0.1273539066314697,-0.0,-0.0,-1.0,0.0209354515523943,1.0
33.37821960449219,-12.147635459899902,-0.1597321033477783,-0.0,-0.0,-1.0,0.0221983586473285,1.0
33.09959030151367,-12.2786226272583,-0.1215837001800537,0.2975630064652618,0.0699174785357212,-0.952138542113784,0.0777607276392422,3.0
31.98830223083496,-11.352516174316406,0.0870530605316162,-0.0866375586064957,0.648772363799866,-0.7560346244771068,0.1749363526261519,5.0
32.82979202270508,-11.846450805664062,-0.1170399188995361,0.2228535257651711,-0.4006126021369199,-0.8887327208239371,0.0731107172434461,3.0
33.55340576171875,-11.70998477935791,-0.1791551113128662,0.9614216503755156,0.264762871549477,-0.074625947485409,0.0225519265642525,3.0
32.40122985839844,-12.1587495803833,-0.1565966606140136,-0.0,-0.0,-1.0,0.0440216727098113,1.0
32.76179504394531,-11.950643539428713,-0.1339714527130127,-0.2865320252171983,0.8981659481179831,0.3334626338381191,0.1741922889639798,4.0
33.55476760864258,-10.368019104003906,-0.1607587337493896,-0.0,-0.0,-1.0,0.0480159642508194,1.0
33.54176330566406,-11.386181831359863,-0.1355788707733154,-0.0,-0.0,-1.0,0.0983768797741092,1.0
32.034915924072266,-11.806578636169434,0.082937479019165,-0.0,-0.0,-1.0,0.1252178815771771,2.0
33.01973342895508,-10.36804485321045,-0.2666652202606201,-0.0,-0.0,-1.0,0.0171416012284003,2.0
31.99993324279785,-11.73365592956543,0.0765213966369628,-0.3594747420856701,-0.7749239528998276,0.5198757322904647,0.1483162538455432,4.0
31.94069480895996,-11.826101303100586,0.0348298549652099,-0.0,-0.0,-1.0,0.1416244203390663,2.0
32.719703674316406,-11.959492683410645,-0.1443073749542236,-0.1545548498359536,0.94764070056566,-0.2794457031761467,0.1260089255036768,4.0
33.587745666503906,-11.34834098815918,-0.1214838027954101,0.9227653392660862,0.3123889104323413,-0.2256486146379786,0.1042622882339674,3.0
33.181575775146484,-10.992921829223633,-0.1398675441741943,-0.0713817501737848,-0.6972599464560298,-0.7132553629733615,0.0807833146395038,4.0
32.024269104003906,-11.753347396850586,0.0902783870697021,-0.0355847904956686,-0.6015248180187898,-0.7980611605590396,0.1062990855910358,3.0
32.19779968261719,-11.859357833862305,0.0489115715026855,-0.0,-0.0,-1.0,0.1072900075703509,1.0
32.547401428222656,-11.898225784301758,-0.1597540378570556,-0.0,-0.0,-1.0,0.0340101857152417,1.0
31.79723358154297,-11.872770309448242,-0.0695195198059082,-0.0,-0.0,-1.0,0.1770718470468892,1.0
33.292476654052734,-12.202876091003418,-0.1118612289428711,-0.0,-0.0,-1.0,0.0130395423685291,1.0
32.938499450683594,-11.825608253479004,-0.1261584758758545,-0.3594664883350441,0.7808951243096212,-0.5108685237842835,0.0516013076870322,3.0
32.049705505371094,-11.822068214416504,-0.0045242309570312,-0.0,-0.0,-1.0,0.2416398844821976,1.0
33.4922981262207,-11.93901824951172,-0.1852412223815918,-0.2026709428120022,0.2828592623788866,-0.9375047341886688,0.0272090053940591,3.0
32.93891906738281,-11.733320236206056,-0.1250166893005371,-0.4876638037399328,-0.1602210917446439,-0.8582034818631622,0.0683703332217629,5.0
31.786685943603516,-10.65694522857666,-0.1312475204467773,-0.0,-0.0,-1.0,0.118064617076239,2.0
33.39537048339844,-12.026100158691406,-0.151261568069458,-0.0,-0.0,-1.0,0.0579902615339221,2.0
32.931617736816406,-11.750150680541992,-0.1059091091156005,-0.2304537632431245,-0.0009568197181435,-0.9730828060874924,0.0694286601660908,6.0
33.546993255615234,-11.394933700561523,-0.1964409351348877,-0.0,-0.0,-1.0,0.1180593366066178,2.0
33.09226989746094,-11.327796936035156,-0.1189053058624267,-0.0,-0.0,-1.0,0.0743779559052504,2.0
32.123023986816406,-11.547348022460938,0.0966699123382568,-0.0,-0.0,-1.0,0.1022596168341161,2.0
31.964122772216797,-11.33138656616211,0.0928397178649902,0.1348275961519739,0.3945743682788279,-0.9089183611377007,0.1524237894702711,4.0
33.17958068847656,-11.12468719482422,-0.1388516426086425,0.0074481718594578,0.1236936020142327,-0.9922925060468292,0.1221249576081073,4.0
33.26801681518555,-12.34092617034912,-0.1209888458251953,-0.0,-0.0,-1.0,0.047531591649469,1.0
32.15794372558594,-11.397863388061523,0.0748577117919921,-0.2604315307637957,-0.0747528308165182,-0.962594115953834,0.1825090427477766,3.0
33.04216384887695,-11.386102676391602,-0.0946757793426513,-0.0374673065824874,0.0304384371787304,-0.9988341716619284,0.112283977650204,5.0
33.2640495300293,-12.021596908569336,-0.1206171512603759,-0.0,-0.0,-1.0,0.0583760790133049,2.0
33.452144622802734,-11.24496078491211,-0.2031178474426269,-0.0,-0.0,-1.0,0.0673182520492871,2.0
33.31270980834961,-11.94279956817627,-0.1463246345520019,0.9815724667159323,0.1444583803238713,0.1250890440422483,0.065863512132044,4.0
32.33232879638672,-12.328572273254396,-0.0963294506072998,-0.0,-0.0,-1.0,0.0075909876376871,2.0
31.994884490966797,-11.42506980895996,0.0914158821105957,-0.4591088468336202,0.8844926079340251,-0.0830174275027258,0.1660035733287633,4.0
31.97216033935547,-11.788389205932615,0.0954923629760742,-0.0,-0.0,-1.0,0.0957033422878009,1.0
33.037986755371094,-10.921422958374023,-0.0080459117889404,-0.0,-0.0,-1.0,0.1095706143757875,1.0
33.02708053588867,-10.432700157165527,-0.2598767280578613,-0.0,-0.0,-1.0,0.0171416012284003,1.0
31.96545791625977,-10.872567176818848,-0.1783077716827392,-0.0,-0.0,-1.0,0.032558451159235,2.0
33.6471061706543,-11.193894386291504,-0.152435302734375,0.1687157762403461,0.4378764391548642,-0.8830624048620086,0.0769819363624743,3.0
33.3757438659668,-10.460750579833984,-0.2273750305175781,-0.8665004699046406,-0.3495132379603527,-0.3563950506748189,0.0790367557895441,4.0
32.165916442871094,-10.644927024841309,-0.1868774890899658,-0.0,-0.0,-1.0,0.0103869905900372,2.0
33.69291305541992,-11.425673484802246,-0.1364407539367675,-0.0,-0.0,-1.0,0.1121669636049139,1.0
32.020565032958984,-11.42141056060791,0.0931587219238281,0.0144191675369966,0.9995518061654588,-0.02623498425593,0.1931769040375008,5.0
33.247047424316406,-10.621739387512209,-0.1778483390808105,-0.0,-0.0,-1.0,0.0485136649497452,2.0
33.37761688232422,-10.958078384399414,-0.1156892776489257,-0.0,-0.0,-1.0,0.0384496545228031,1.0
31.824371337890625,-11.547658920288086,0.026778221130371,-0.0,-0.0,-1.0,0.0818999343105237,1.0
33.39883804321289,-11.30368995666504,-0.14422607421875,-0.076091843971386,-0.8178874109091582,-0.5703246569782406,0.0873461198052979,3.0
33.4383430480957,-10.41098403930664,0.2373039722442627,-0.0,-0.0,-1.0,0.0938646679152777,1.0
32.64378356933594,-11.11935329437256,-0.301185131072998,-0.0,-0.0,-1.0,0.1035224352711569,1.0
32.66334533691406,-10.88881492614746,-0.294156551361084,-0.0,-0.0,-1.0,0.0751578476349934,1.0
33.009979248046875,-10.729002952575684,-0.3349223136901855,-0.0,-0.0,-1.0,0.051820360181002,1.0
33.26995849609375,-10.411208152770996,-0.3582453727722168,-0.0,-0.0,-1.0,0.0490369377797452,1.0
31.798442840576172,-11.255936622619627,-0.1930241584777832,-0.0,-0.0,-1.0,0.1200969776789463,1.0
32.920501708984375,-11.840943336486816,-0.1369352340698242,-0.3594664883350441,0.7808951243096212,-0.5108685237842835,0.0548550899249595,3.0
33.086212158203125,-11.73251724243164,-0.16276216506958,-0.0,-0.0,-1.0,0.0256638142651224,2.0
32.91718292236328,-11.38144302368164,-0.1339893341064453,-0.0,-0.0,-1.0,0.0625963258618891,1.0
32.94174575805664,-11.057049751281738,-0.1366510391235351,-0.0,-0.0,-1.0,0.0744022987315352,1.0
33.17051696777344,-10.917110443115234,-0.1730422973632812,-0.0,-0.0,-1.0,0.0314415219719936,1.0
33.28736877441406,-10.56458854675293,-0.1912627220153808,-0.0,-0.0,-1.0,0.0427615849656485,1.0
33.261043548583984,-11.980772018432615,-0.2386178970336914,-0.0,-0.0,-1.0,0.0607877070414301,1.0
33.33174514770508,-11.788410186767578,-0.2458915710449218,-0.0,-0.0,-1.0,0.0318293349574876,1.0
33.23846435546875,-11.46855354309082,-0.2232866287231445,-0.0,-0.0,-1.0,0.040264662049157,1.0
33.349063873291016,-11.357773780822754,-0.2394819259643554,-0.0,-0.0,-1.0,0.0789317976490435,1.0
33.558780670166016,-11.048274993896484,-0.2688131332397461,-0.0,-0.0,-1.0,0.0303447478047969,1.0
33.622562408447266,-10.69794750213623,-0.2736086845397949,-0.0,-0.0,-1.0,0.0251842570995531,1.0
31.774707794189453,-11.479893684387209,0.0199460983276367,-0.0,-0.0,-1.0,0.1621510603851828,1.0
33.32209014892578,-12.050378799438477,-0.118988037109375,-0.0,-0.0,-1.0,0.0518983538569809,2.0
33.46833801269531,-11.779539108276367,-0.1323680877685547,-0.0,-0.0,-1.0,0.0302162579559468,1.0
33.47212600708008,-11.40947723388672,-0.1198587417602539,0.2344834837155813,-0.2366290807992115,-0.942880784608916,0.0981190504803179,3.0
33.66681671142578,-11.274107933044434,-0.1468443870544433,-0.0,-0.0,-1.0,0.1489197594996183,1.0
31.768705368041992,-11.818181037902832,0.1377878189086914,-0.0,-0.0,-1.0,0.1029364329287193,2.0
31.869565963745117,-11.603267669677734,0.1304078102111816,-0.7265584756374817,-0.4038940519630664,-0.5558618319944217,0.098209014947966,4.0
32.95289611816406,-11.76895236968994,-0.1116232872009277,-0.9703680631415748,-0.2129502434359904,-0.1141841313643046,0.0631452893868707,4.0
32.87411117553711,-11.418365478515623,-0.1083536148071289,-0.0,-0.0,-1.0,0.0545135537714206,1.0
32.84138870239258,-11.091402053833008,-0.1137342453002929,-0.0,-0.0,-1.0,0.1205969928242414,2.0
32.98417282104492,-10.783944129943848,-0.1536884307861328,-0.0,-0.0,-1.0,0.0803162420282422,2.0
31.979022979736328,-11.292829513549805,-0.1727972030639648,-0.0,-0.0,-1.0,0.1116895439799575,1.0
32.01808166503906,-11.165821075439451,-0.1799893379211425,-0.0,-0.0,-1.0,0.1265970716391672,2.0
32.00823974609375,-10.906272888183594,-0.1778974533081054,-0.0,-0.0,-1.0,0.0447282640869972,2.0
32.009429931640625,-10.659996032714844,-0.1784095764160156,-0.0,-0.0,-1.0,0.0126536205017527,1.0
32.53530502319336,-10.506067276000977,-0.1571979522705078,-0.0,-0.0,-1.0,0.0354031187595718,2.0
31.972686767578125,-11.107832908630373,-0.1173658370971679,-0.6009285610255194,0.7867473773757289,-0.1411149486631744,0.1992216071307674,5.0
32.153133392333984,-10.83441925048828,-0.1235361099243164,-0.0,-0.0,-1.0,0.0138012132576055,1.0
32.35549545288086,-10.622700691223145,-0.1383247375488281,-0.0,-0.0,-1.0,0.0285809543326163,1.0
33.56499099731445,-12.161510467529297,-0.1268367767333984,-0.0,-0.0,-1.0,0.0147692296035124,1.0
33.1163215637207,-12.106158256530762,-0.1039018630981445,-0.0,-0.0,-1.0,0.0344272282363295,2.0
31.99620056152344,-10.532732009887695,-0.1553936004638672,-0.0,-0.0,-1.0,0.0117047667320615,1.0
31.850284576416016,-11.50730323791504,0.226853609085083,-0.0,-0.0,-1.0,0.0843327523752478,1.0
33.26938247680664,-10.555416107177734,-0.2465839385986328,-0.0,-0.0,-1.0,0.0568085559243402,1.0
33.37180709838867,-10.430694580078123,-0.2399623394012451,-0.8542422786638875,-0.1040838500223592,-0.5093492726093283,0.0712601861895333,5.0
32.94026565551758,-10.635486602783203,-0.2372746467590332,-0.0,-0.0,-1.0,0.0286016514143057,2.0
32.529502868652344,-10.643228530883787,-0.2169575691223144,0.8116814102195601,0.0180046600485246,-0.5838228502898148,0.0430425409510902,3.0
32.191734313964844,-10.703550338745115,-0.2056875228881836,-0.0,-0.0,-1.0,0.0139092314725792,1.0
31.80324935913086,-10.71885871887207,-0.1876349449157714,-0.0,-0.0,-1.0,0.0191382765355928,1.0
33.414981842041016,-10.554532051086426,-0.1433498859405517,-0.0,-0.0,-1.0,0.0418514747872318,1.0
31.89354705810547,-10.498783111572266,-0.1446285247802734,-0.0,-0.0,-1.0,0.012444657707177,1.0
32.57362747192383,-12.106807708740234,-0.2390697002410888,-0.0,-0.0,-1.0,0.02981039968046,1.0
32.33509826660156,-10.817825317382812,-0.1881611347198486,-0.0,-0.0,-1.0,0.0281067104988763,1.0
32.070945739746094,-10.937780380249023,-0.1823315620422363,-0.0,-0.0,-1.0,0.0511908846529544,1.0
32.40587615966797,-12.00039291381836,-0.0191786289215087,-0.0,-0.0,-1.0,0.0542560965367171,1.0
33.4893684387207,-12.18633270263672,-0.1400260925292968,-0.0,-0.0,-1.0,0.0151812548963023,2.0
33.44499969482422,-11.449735641479492,-0.1165013313293457,0.6093313033174469,-0.7686958833111688,-0.194478795188379,0.0507376158165008,4.0
31.93902015686035,-11.556280136108398,0.0985615253448486,-0.2617291119894786,0.7915945933541471,-0.5521556589492506,0.1191140399859884,3.0
31.750503540039062,-11.14704132080078,-0.1017642021179199,-0.0,-0.0,-1.0,0.168843471277204,2.0
32.20922088623047,-11.274066925048828,-0.1590368747711181,-0.5969392533329024,-0.4427059986456551,-0.6690851415130291,0.2217118972002791,5.0
32.466705322265625,-11.203022003173828,-0.1858694553375244,-0.0,-0.0,-1.0,0.042014854926118,1.0
32.48412322998047,-10.855859756469728,-0.1744217872619629,-0.2573857556023289,0.9623544558284446,0.0873296865914258,0.0554223403437649,3.0
31.836181640625,-11.278589248657228,0.056619644165039,-0.0,-0.0,-1.0,0.1440184794891692,2.0
31.954994201660156,-11.313240051269531,0.0461072921752929,0.2328804384469713,0.9711588542136425,0.0511583939465617,0.1816145559703396,3.0
31.939464569091797,-11.369850158691406,-0.0993542671203613,-0.0,-0.0,-1.0,0.1158302452665634,2.0
32.806793212890625,-11.286609649658203,-0.1346659660339355,-0.0,-0.0,-1.0,0.0658233945597013,1.0
33.2131233215332,-11.271493911743164,-0.1546196937561035,-0.0,-0.0,-1.0,0.0662533384679272,2.0
33.498451232910156,-11.278963088989258,-0.1706109046936035,0.6838274264139919,-0.577815680358732,-0.4455435898041766,0.0827882327361201,3.0
31.782690048217773,-11.29074478149414,-0.0856292247772216,0.7241412175009402,0.6325138307355306,-0.274855873221805,0.2475068501315765,4.0
33.11327362060547,-11.058845520019531,-0.1319148540496826,0.252536115714584,0.4380732669224536,-0.862738270315905,0.0987592577136081,5.0
31.766725540161133,-10.928272247314451,-0.1448904275894165,-0.35337694757624,0.1909465872367166,-0.9157860742249524,0.0856702058842852,4.0
33.046470642089844,-10.830804824829102,-0.1839382648468017,-0.0,-0.0,-1.0,0.0618024076686424,2.0
33.25652313232422,-10.6224365234375,-0.1791070699691772,-0.0,-0.0,-1.0,0.0485136649497452,2.0
33.37213134765625,-10.442325592041016,-0.1725320816040039,-0.9604914286830776,-0.0786587424666341,0.2669625772648825,0.0734072799753584,3.0
32.81884765625,-10.37822151184082,-0.2243223190307617,-0.0,-0.0,-1.0,0.0061519887628774,1.0
32.738704681396484,-10.41291618347168,-0.2007844448089599,-0.0,-0.0,-1.0,0.0148223060885497,1.0
33.10411834716797,-10.457351684570312,-0.2141711711883545,-0.0,-0.0,-1.0,0.0379638211355893,2.0
32.329837799072266,-11.127008438110352,-0.1467553377151489,-0.0,-0.0,-1.0,0.1295403107557018,1.0
33.06666564941406,-10.944795608520508,-0.161379337310791,-0.5537493160382889,-0.07558094174739,-0.8292461734802911,0.1288224731952775,6.0
32.48677062988281,-10.602218627929688,-0.1221899986267089,-0.0,-0.0,-1.0,0.0470282024893236,1.0
32.6995964050293,-10.860143661499023,-0.1438742876052856,-0.4986506256653712,0.830604083594292,-0.2478798294335789,0.0758583643690284,3.0
33.157535552978516,-10.767518997192385,-0.1545212268829345,-0.0,-0.0,-1.0,0.0435625946392714,1.0
32.37136459350586,-12.255956649780272,-0.1177749633789062,-0.0,-0.0,-1.0,0.0268770808552477,1.0
32.58884048461914,-12.120349884033203,-0.1103370189666748,-0.0,-0.0,-1.0,0.035424571328723,1.0
32.693119049072266,-12.06076431274414,-0.1071064472198486,-0.0,-0.0,-1.0,0.0938926267061759,2.0
33.0905876159668,-12.050888061523438,-0.1060578823089599,-0.0,-0.0,-1.0,0.0329949513107065,1.0
32.972450256347656,-11.484586715698242,-0.0777862071990966,-0.0,-0.0,-1.0,0.1069314033126077,2.0
32.300254821777344,-11.127851486206056,-0.0620145797729492,-0.0,-0.0,-1.0,0.0650108147199932,1.0
33.19081497192383,-10.57257080078125,-0.2161636352539062,-0.0,-0.0,-1.0,0.0341661996591616,1.0
33.06258773803711,-10.467292785644531,-0.2118840217590332,-0.1854499967346707,0.594787673241337,-0.7821994134945816,0.0257820207237955,3.0
33.36143493652344,-10.425121307373049,-0.2059470415115356,-0.973036636591776,-0.1712968075420007,-0.1544574620278432,0.0686523567247832,6.0
32.550506591796875,-10.616535186767578,-0.186933159828186,-0.0,-0.0,-1.0,0.0432816102351166,2.0
32.88349533081055,-10.664548873901367,-0.1904364824295044,-0.0,-0.0,-1.0,0.0278231134675967,2.0
33.167606353759766,-10.69842529296875,-0.1933856010437011,0.8889385818244738,-0.4392039537854412,0.1299541639314787,0.0518742725630579,3.0
32.35537338256836,-10.416093826293944,-0.1754034757614135,-0.0,-0.0,-1.0,0.021000033874188,1.0
32.6357307434082,-12.350090026855469,-0.1093614101409912,-0.0,-0.0,-1.0,0.0195912883296649,1.0
32.74811553955078,-11.900827407836914,-0.0871088504791259,0.9823952788445492,-0.1864554264478013,0.0115710869026566,0.1626363889521805,7.0
31.885364532470703,-11.276866912841797,-0.0507159233093261,-0.9204482538570212,0.3505756174721769,-0.1728344537572358,0.1951767707923997,3.0
32.16286087036133,-11.196981430053713,-0.0477619171142578,0.3958836526570799,0.7525960783665927,-0.5261893921261754,0.2481430852623415,4.0
32.19508361816406,-11.294500350952148,-0.1540477275848388,-0.413951361440106,0.0646984584837266,-0.9079969051884,0.2265955117848656,3.0
32.60255432128906,-11.317501068115234,-0.1570918560028076,-0.116043710862451,0.8538509902999257,-0.5074173267963048,0.0269918671597723,3.0
31.920299530029297,-11.16701889038086,-0.1463356018066406,-0.0,-0.0,-1.0,0.1902260704034741,1.0
32.58915328979492,-11.134822845458984,-0.1470756530761718,0.0178717387955207,0.9203929173411391,0.3905860707458619,0.0929102302504274,6.0
32.976295471191406,-11.10550308227539,-0.1476602554321289,-0.0,-0.0,-1.0,0.0564288635695202,2.0
33.55012893676758,-11.225095748901367,-0.1586697101593017,0.1712944998784646,0.161697843532408,-0.9718600731115336,0.077564915719658,3.0
32.340248107910156,-12.202018737792969,-0.1439632177352905,-0.0,-0.0,-1.0,0.0262170597288327,1.0
32.238651275634766,-11.877449035644531,-0.1250308752059936,0.3856346174094106,0.2409263925253685,-0.8906404522815082,0.1326637855570622,4.0
31.76242446899414,-11.23587417602539,-0.0853947401046752,-0.0,-0.0,-1.0,0.2296244883859548,2.0
32.056575775146484,-11.320703506469728,-0.0928820371627807,-0.0,-0.0,-1.0,0.2261875662984046,2.0
31.883562088012695,-11.202110290527344,-0.0847457647323608,0.1504582883536477,-0.6680726670426264,-0.7287257474635043,0.1987841319232859,4.0
31.819738388061523,-11.246688842773438,-0.0062465667724609,-0.5006654131053268,0.845694572033785,0.1847561499725134,0.2286711461753192,3.0
32.06729507446289,-11.415542602539062,-0.0182063579559326,0.117596838706166,0.2064106076712219,-0.97137307177372,0.2177356296885637,3.0
32.087921142578125,-11.533805847167969,-0.0202736854553222,-0.0,-0.0,-1.0,0.1593234042036647,2.0
31.855663299560547,-11.207633972167969,-0.0019383430480957,0.4508959426647503,0.7819639939796221,-0.4303779281142368,0.1557120342595631,3.0
32.075828552246094,-11.301376342773438,-0.0084004402160644,-0.0,-0.0,-1.0,0.2031381221939912,2.0
32.0776481628418,-11.080869674682615,-0.1422704458236694,-0.0,-0.0,-1.0,0.11541772771977,2.0
32.463645935058594,-11.248132705688477,-0.1504567861557006,-0.0,-0.0,-1.0,0.0395500584643123,2.0
32.78728103637695,-11.050395965576172,-0.139788269996643,-0.0,-0.0,-1.0,0.1246292042059486,2.0
33.45164489746094,-11.211341857910156,-0.1492799520492553,-0.0,-0.0,-1.0,0.0590927660601258,1.0
31.7911376953125,-10.835765838623049,-0.1303797960281372,-0.0,-0.0,-1.0,0.0853844952126195,1.0
31.91915512084961,-10.932943344116213,-0.1349748373031616,-0.0,-0.0,-1.0,0.0448136079980106,1.0
32.59161376953125,-10.813535690307615,-0.127337098121643,-0.0,-0.0,-1.0,0.0666874957970486,2.0
32.663719177246094,-11.444494247436523,-0.1845886707305908,-0.0,-0.0,-1.0,0.0215911164659737,2.0
32.204200744628906,-11.063385009765623,-0.1703977584838867,-0.0,-0.0,-1.0,0.1055900994255868,1.0
32.55750274658203,-11.18998908996582,-0.1728878021240234,-0.0,-0.0,-1.0,0.0897536774826081,1.0
33.379371643066406,-11.206422805786133,-0.1665868759155273,0.5601924733983699,-0.7137019925003132,-0.4204924002272813,0.0627277978302501,3.0
33.611358642578125,-11.205324172973633,-0.1649327278137207,0.1467567230442447,0.227168630164957,-0.9627340638568328,0.0789378742832934,4.0
31.80305290222168,-10.674222946166992,-0.1563940048217773,-0.6392229582122798,0.3731425028942231,-0.6724274549928612,0.1166729791546877,3.0
32.00366973876953,-10.883453369140623,-0.1639745235443115,0.4260411275132684,0.5318541694777038,-0.7318607108435355,0.0375025025456386,3.0
32.57943344116211,-10.680803298950195,-0.1473965644836425,-0.0,-0.0,-1.0,0.0605385973767149,2.0
32.73394012451172,-10.842498779296877,-0.1538372039794922,-0.0,-0.0,-1.0,0.066182108735647,2.0
31.921003341674805,-11.304095268249512,0.0272397994995117,0.4520514734710993,-0.1379521687754801,-0.8812597031878567,0.1521990783078116,3.0
32.144195556640625,-11.466744422912598,0.0276147127151489,-0.0,-0.0,-1.0,0.2158880710580473,2.0
31.827781677246097,-10.988954544067385,-0.1428611278533935,-0.2829600147740874,-0.7862153884231085,-0.5493623513180979,0.1017970442992087,3.0
32.07067108154297,-11.203121185302734,-0.1464606523513794,-0.0,-0.0,-1.0,0.1573947604222349,2.0
32.298038482666016,-11.34684944152832,-0.1476329565048217,-0.0,-0.0,-1.0,0.0870350760031861,1.0
33.06889343261719,-12.141481399536133,-0.166798710823059,-0.0,-0.0,-1.0,0.0296211250101206,2.0
33.37061309814453,-11.314865112304688,-0.1244343519210815,-0.2446423780753085,-0.7479016830436427,-0.6170844183336216,0.0872368271568977,4.0
32.00209426879883,-11.204424858093262,-0.0990107059478759,-0.0,-0.0,-1.0,0.2580440112689288,2.0
32.194541931152344,-11.313515663146973,-0.10102379322052,-0.7685187179839339,-0.1420573268470822,-0.6238579133083045,0.1713160340422968,3.0
32.44343566894531,-12.325764656066896,-0.1450257301330566,0.913850511005744,-0.2725813276736179,0.3009595709364105,0.0162633148820893,3.0
32.80085754394531,-12.290980339050291,-0.138150930404663,0.955128963216598,-0.2940949794924877,0.0351682621421663,0.0333127439112285,3.0
31.807870864868164,-11.36807918548584,0.077170729637146,-0.0,-0.0,-1.0,0.2005389442663745,2.0
31.911535263061523,-11.581908226013184,0.0748481750488281,0.643205296976458,-0.5863137567037846,-0.4924663690459706,0.0666005894176377,4.0
31.826749801635746,-11.191139221191406,-0.0022605657577514,-0.2693314404150274,-0.4883237366524374,-0.8300605420243562,0.1482592025374856,3.0
32.104225158691406,-11.255010604858398,0.0022966861724853,0.058613165810302,0.3796087824178951,-0.9232885080541712,0.1050893187868131,3.0
32.61616897583008,-10.456687927246094,-0.2259057760238647,-0.0,-0.0,-1.0,0.0236266759976519,1.0
32.021705627441406,-11.286169052124023,-0.0412274599075317,-0.0,-0.0,-1.0,0.2628397323388587,2.0
32.73683166503906,-11.653676986694336,-0.1266874074935913,-0.0,-0.0,-1.0,0.0482727070801254,1.0
32.44793701171875,-11.631158828735352,-0.1380230188369751,-0.0,-0.0,-1.0,0.036384726010549,1.0
32.159420013427734,-11.521669387817385,-0.1465861797332763,-0.0,-0.0,-1.0,0.0922579582399996,1.0
32.909637451171875,-11.838613510131836,-0.1257294416427612,-0.3594664883350441,0.7808951243096212,-0.5108685237842835,0.0564401013607334,3.0
33.423004150390625,-10.65743637084961,-0.2031971216201782,-0.6860836468594614,-0.6443046727522542,-0.3378767795833745,0.0472979184767022,3.0
33.188289642333984,-10.66103744506836,-0.2085084915161132,0.5044070453207664,-0.5487132905018247,-0.6666987756531694,0.0534367093028382,3.0
33.29765701293945,-10.832509994506836,-0.2157840728759765,-0.0,-0.0,-1.0,0.0450068919147582,2.0
33.06142044067383,-10.83494758605957,-0.2211301326751709,-0.0,-0.0,-1.0,0.0570438799770396,2.0
31.90375518798828,-11.217995643615724,-0.0672162771224975,0.0629028265473637,-0.5332386852535539,-0.8436229838982657,0.1958885883164343,4.0
32.44943618774414,-11.078227043151855,-0.1109430789947509,-0.0,-0.0,-1.0,0.0870774108148994,1.0
32.17413330078125,-11.144658088684082,-0.0888510942459106,-0.0,-0.0,-1.0,0.1193827070808488,1.0
32.59467697143555,-11.052985191345217,-0.1227080821990966,-0.0,-0.0,-1.0,0.0327242910569375,1.0
32.94141387939453,-11.210841178894045,-0.1536659002304077,-0.0,-0.0,-1.0,0.0593318050014069,2.0
33.20586395263672,-11.98216724395752,-0.1859817504882812,0.3942058092424408,-0.0272538065833743,-0.9186179891479528,0.0525896711840905,3.0
31.97513961791992,-11.24389934539795,0.0354526042938232,-0.0,-0.0,-1.0,0.1191266902543166,1.0
31.867298126220703,-11.3247652053833,0.0511724948883056,-0.0396002111573408,0.8693288014535933,-0.4926451646363265,0.2129024786686905,5.0
32.11524963378906,-11.222088813781738,0.0165323019027709,-0.0,-0.0,-1.0,0.1250859112445832,2.0
31.999256134033203,-11.098695755004885,-0.0660756826400756,-0.0100650100234265,0.6993587666991651,-0.7146999447420234,0.214395516386323,5.0
31.915771484375,-11.317768096923828,-0.0576648712158203,-0.0,-0.0,-1.0,0.2034285766138467,2.0
32.355648040771484,-11.20436668395996,-0.1044768095016479,-0.8931280635043961,-0.0024716976736764,-0.4497956790493848,0.1075821086939422,3.0
32.69875717163086,-11.091508865356444,-0.1412166357040405,-0.0,-0.0,-1.0,0.0733413618752381,1.0
32.76708984375,-11.210187911987305,-0.1487691402435302,0.896983525968536,0.3419405881174039,-0.280173496853247,0.0839097890387498,3.0
31.836116790771484,-11.348210334777832,0.0297827720642089,-0.6054528208124034,-0.0168687308225523,-0.7957024115149709,0.1873469640382892,7.0
31.73286247253418,-11.32400894165039,0.0556483268737793,0.7507565967185361,0.3567360629108928,-0.555971144846958,0.1835697939663326,3.0
31.980697631835938,-11.318937301635742,0.0372545719146728,-0.3657567047148539,-0.7037729636222608,-0.6090366562288932,0.211133113738999,3.0
32.77667999267578,-11.961702346801758,-0.0357437133789062,0.2217488173214565,0.880282572787902,0.4194401674404197,0.146597135813417,3.0
32.486602783203125,-11.705829620361328,-0.1748672723770141,-0.0,-0.0,-1.0,0.0250619513814204,2.0
31.832101821899418,-11.141433715820312,-0.1206504106521606,-0.0,-0.0,-1.0,0.1805150852947506,2.0
32.16726303100586,-11.275680541992188,-0.1400234699249267,-0.4656706963538206,-0.8765503863333288,-0.1216972587047048,0.2612646496492939,5.0
32.461334228515625,-11.29871940612793,-0.1523630619049072,-0.0,-0.0,-1.0,0.0375057680716806,2.0
31.808757781982425,-10.953617095947266,-0.1096802949905395,-0.1246115662773121,-0.991129297225769,0.0462025294834394,0.0999164469582467,3.0
32.52143859863281,-11.121244430541992,-0.1453382968902588,0.1204852803225833,0.8458792550672125,0.5195878973499347,0.0858589306429301,3.0
31.815908432006836,-11.29814910888672,0.0034154653549194,0.5473979508660113,0.7873728614599946,-0.2835479861046303,0.2377308753761779,3.0
32.085933685302734,-11.271562576293944,-0.0056698322296142,0.4522097883446652,-0.0718491665519737,-0.8890129383710115,0.1219203493744668,3.0
33.55122375488281,-11.31833267211914,-0.0709495544433593,-0.0,-0.0,-1.0,0.0908197901291429,1.0
31.781566619873047,-11.440388679504396,0.1010278463363647,0.0706617538351247,0.0967335435255029,-0.992798840703364,0.1436004875855739,3.0
32.146705627441406,-11.64162254333496,0.0218626260757446,-0.0,-0.0,-1.0,0.1772335112534569,2.0
31.816387176513672,-11.28335189819336,0.0454294681549072,-0.8613107477727878,0.5014219643032446,0.0819744440991008,0.181472052233849,4.0
32.065223693847656,-11.388622283935549,0.037472128868103,-0.0,-0.0,-1.0,0.201025042368126,2.0
31.867937088012695,-11.695087432861328,0.1005315780639648,0.6523987739763482,-0.2695821601262384,-0.70830875940922,0.0334256156268851,3.0
31.90451431274414,-11.470036506652832,0.0963045358657836,-0.0,-0.0,-1.0,0.1420388047056872,1.0
32.03685760498047,-11.54546070098877,0.0930505990982055,-0.0,-0.0,-1.0,0.0912268755306057,2.0
31.741525650024418,-11.50983715057373,0.0984050035476684,-0.0,-0.0,-1.0,0.090864645469599,1.0
31.8997745513916,-11.60398006439209,0.0961900949478149,-0.6364115911046677,-0.2657425207529004,-0.7241278888231827,0.1033357100760186,6.0
31.9094295501709,-10.99186897277832,-0.1339644193649292,-0.0,-0.0,-1.0,0.0795289313692784,2.0
31.994525909423828,-11.052742004394531,-0.1412068605422973,-0.0,-0.0,-1.0,0.2172740229626378,1.0
32.14927291870117,-11.132745742797852,-0.1518266201019287,0.2517154838120491,-0.6621855880329837,-0.7057971112229615,0.1639397403408811,3.0
32.56743240356445,-10.764583587646484,-0.1298178434371948,-0.0,-0.0,-1.0,0.0596164446118293,2.0
32.71940994262695,-10.958059310913086,-0.1507027149200439,-0.0,-0.0,-1.0,0.0922039836037626,2.0
33.03511428833008,-10.921762466430664,-0.1559427976608276,-0.2927129968864055,-0.2431196088798151,-0.9247767066875684,0.1069812782985948,5.0
31.810258865356445,-11.242122650146484,-0.0528359413146972,-0.5171767811404838,0.8373683804653931,0.1770377712408655,0.2074586104990686,4.0
31.84460830688477,-11.352806091308594,-0.0632634162902832,0.0979767071786748,-0.0859556327277409,-0.9914697141379548,0.190105727527154,3.0
32.1649169921875,-11.210283279418944,-0.0605419874191284,0.418197226648117,0.7327160886389551,-0.5368782106525225,0.2380946674843245,5.0
32.03361892700195,-11.404914855957031,-0.0732074975967407,-0.0,-0.0,-1.0,0.1885028474495933,2.0
32.18498611450195,-11.899675369262695,-0.1201170682907104,-0.0,-0.0,-1.0,0.1798286847252369,1.0
32.370914459228516,-12.088497161865234,-0.1421998739242553,-0.0,-0.0,-1.0,0.0427757863564474,2.0
32.54413604736328,-11.972448348999023,-0.1378263235092163,-0.0,-0.0,-1.0,0.0632485564511863,1.0
32.730987548828125,-12.045248031616213,-0.1503070592880249,-0.0,-0.0,-1.0,0.088222572727971,1.0
33.01551818847656,-11.360811233520508,-0.1007642745971679,-0.0,-0.0,-1.0,0.0854659558826727,2.0
32.9073600769043,-11.056257247924805,-0.0708177089691162,-0.0,-0.0,-1.0,0.1012699212080073,1.0
32.015228271484375,-12.28277587890625,-0.0922989845275878,-0.0,-0.0,-1.0,0.020094168399916,1.0
32.563907623291016,-12.162239074707031,-0.0951235294342041,-0.0,-0.0,-1.0,0.0259063144714284,1.0
32.72468566894531,-12.283819198608398,-0.1096439361572265,-0.0,-0.0,-1.0,0.0303097368187328,1.0
31.881826400756836,-11.337003707885742,-0.0093660354614257,0.2684037503708477,0.2863008589807779,-0.919777823680117,0.182930470473442,5.0
32.06222152709961,-11.57244110107422,-0.0331010818481445,-0.0,-0.0,-1.0,0.1740545506411383,2.0
32.814334869384766,-11.779815673828123,-0.0686554908752441,-0.0,-0.0,-1.0,0.0752295074033436,1.0
32.67218780517578,-12.028532028198242,-0.0863838195800781,0.8630168998916555,0.4947305013642208,0.102193745020442,0.2244297214564561,3.0
31.919641494750977,-11.135862350463867,-0.0529686212539672,-0.6998909372781913,0.4637748487524095,0.5431993792158958,0.1630770267030033,4.0
31.815677642822266,-11.323753356933594,-0.0686410665512085,0.1773216502929246,-0.1666582005529827,-0.9699392127993566,0.2010437713265034,5.0
32.130271911621094,-11.825010299682615,-0.1161003112792968,-0.0,-0.0,-1.0,0.1457829598784066,1.0
32.279014587402344,-12.126482009887695,-0.1447119712829589,-0.0,-0.0,-1.0,0.0259750738486259,1.0
32.60847854614258,-12.010696411132812,-0.1385635137557983,-0.4102320656458058,0.7348988848905484,-0.5400308151416952,0.0637869557487753,4.0
32.84416961669922,-10.994171142578123,-0.0504419803619384,-0.0,-0.0,-1.0,0.1281750373686159,2.0
33.24394989013672,-12.00852394104004,-0.1478427648544311,0.5553557543559609,-0.5115778164989947,-0.6556432900364669,0.0591978168173874,3.0
33.38148498535156,-12.083940505981444,-0.1570243835449218,-0.0,-0.0,-1.0,0.0274902613170171,2.0
31.756175994873047,-10.964500427246094,-0.144774317741394,-0.3128714343212638,0.2228689652216326,-0.923277255176793,0.0901334584041307,6.0
31.96277236938477,-11.111543655395508,-0.1580996513366699,0.9078027495812402,0.335601525638246,-0.251526904807462,0.2329807592854282,3.0
32.461578369140625,-10.95944595336914,-0.1415812969207763,-0.0,-0.0,-1.0,0.0526068252481569,1.0
32.395835876464844,-11.356008529663086,-0.1811029911041259,-0.0,-0.0,-1.0,0.0383277688936317,2.0
32.79315185546875,-11.06256866455078,-0.1517562866210937,-0.0,-0.0,-1.0,0.1246292042059486,2.0
32.74906539916992,-11.29290771484375,-0.1748416423797607,-0.0,-0.0,-1.0,0.0390433105500294,1.0
33.398311614990234,-11.337446212768556,-0.1816761493682861,-0.0,-0.0,-1.0,0.0872368271568977,1.0
33.59738540649414,-11.261211395263672,-0.1752002239227295,0.4116025482902202,-0.9005516855177794,0.1399642952759155,0.1157982376617683,4.0
31.72779083251953,-11.316333770751951,-0.0870653390884399,-0.0,-0.0,-1.0,0.2238269540110654,2.0
31.977306365966797,-11.337556838989258,-0.0837956666946411,-0.0,-0.0,-1.0,0.1812769654063916,1.0
32.1727180480957,-11.796920776367188,-0.1226357221603393,-0.0,-0.0,-1.0,0.1580880352351901,2.0
32.26408386230469,-11.993125915527344,-0.1394613981246948,-0.0,-0.0,-1.0,0.0550344232930834,1.0
32.356998443603516,-12.046075820922852,-0.1429518461227417,0.7655712102994684,0.2405631692639442,-0.5966825651502599,0.0390414117666323,3.0
32.857139587402344,-11.07451057434082,-0.0435645580291748,-0.0,-0.0,-1.0,0.1213874381732377,1.0
32.97505569458008,-12.192188262939451,-0.1486469507217407,-0.0,-0.0,-1.0,0.0411572554332124,2.0
32.86115646362305,-12.232316970825195,-0.153794527053833,-0.0,-0.0,-1.0,0.0405262959071334,2.0
33.305152893066406,-12.056840896606444,-0.1322816610336303,-0.0,-0.0,-1.0,0.0511281247590446,2.0
33.41378402709961,-12.29374885559082,-0.1543394327163696,-0.0,-0.0,-1.0,0.0123772532196623,2.0
33.27994155883789,-10.390836715698242,0.5089039206504822,-0.0,-0.0,-1.0,0.0854934536421573,1.0
31.88325881958008,-11.266218185424805,-0.1244206428527832,-0.0,-0.0,-1.0,0.1582043027158001,2.0
32.13341522216797,-11.3633394241333,-0.132054328918457,-0.0,-0.0,-1.0,0.1168681891917869,2.0
32.312049865722656,-11.63735294342041,-0.1606413125991821,-0.2021019601429628,-0.4640845703803641,-0.8624269877741795,0.0322189009125298,3.0
32.458621978759766,-11.28306484222412,-0.1201006174087524,-0.9929799082376092,0.0494266049338067,-0.1074612142177203,0.0378227183917749,3.0
32.683956146240234,-11.480990409851074,-0.1404237747192382,-0.0,-0.0,-1.0,0.0227697370583012,2.0
32.97283935546875,-11.77694320678711,-0.1724054813385009,-0.0,-0.0,-1.0,0.0368348289650313,1.0
33.399452209472656,-11.32107162475586,-0.1193814277648925,-0.076091843971386,-0.8178874109091582,-0.5703246569782406,0.0872368271568977,3.0
33.347137451171875,-11.672762870788574,-0.1597175598144531,-0.0,-0.0,-1.0,0.0374872350771521,2.0
31.848400115966797,-11.192362785339355,-0.141669750213623,-0.0,-0.0,-1.0,0.17227197494966,2.0
32.05864715576172,-11.33515739440918,-0.1444723606109619,-0.3709185037882761,0.9025621932381708,-0.2186342857023342,0.1846812970727089,4.0
32.26918411254883,-11.617616653442385,-0.1612164974212646,-0.2109161363682736,-0.4348525832937109,-0.8754528052512404,0.0604502399072936,4.0
32.48352813720703,-11.761273384094238,-0.1652519702911377,-0.0,-0.0,-1.0,0.0148938510211373,2.0
32.7840461730957,-11.799636840820312,-0.1557003259658813,-0.0,-0.0,-1.0,0.0830246910113701,1.0
32.928131103515625,-12.10457992553711,-0.1800568103790283,-0.2757811140282113,0.9608339860976616,0.0272548767202785,0.0248529177586884,3.0
33.4273681640625,-11.860555648803713,-0.1356756687164306,-0.0,-0.0,-1.0,0.042304844899696,1.0
33.425819396972656,-12.052037239074709,-0.1552331447601318,0.5993723555465958,0.7474871053330474,-0.2863840197485654,0.0321070155041721,3.0
33.53413391113281,-12.286425590515137,-0.1751471757888794,-0.0,-0.0,-1.0,0.0114394673766962,1.0
32.399417877197266,-11.17184066772461,-0.1121186017990112,-0.0273037606161466,0.0728176023474488,-0.9969714647092888,0.1140826585448819,4.0
33.033905029296875,-11.432761192321776,-0.1086846590042114,0.3885395017128373,0.0040794456464416,-0.9214230373351632,0.1280341151151214,5.0
32.21842956542969,-11.83965301513672,-0.1303131580352783,-0.521737604654497,-0.3855020114549975,-0.7610374964832803,0.146004613230277,3.0
32.24903869628906,-11.876885414123535,-0.1324375867843628,0.3856346174094106,0.2409263925253685,-0.8906404522815082,0.0959730654026928,4.0
32.767757415771484,-12.199920654296877,-0.1403586864471435,-0.3605452138036912,0.1247929734175131,-0.9243559177010048,0.0122670913291652,3.0
31.85476875305176,-11.205965042114258,-0.0886580944061279,-0.0,-0.0,-1.0,0.1772779927450551,2.0
32.134864807128906,-11.304109573364258,-0.0829670429229736,0.1522494271361995,0.9773624390367132,-0.1469107712079204,0.1335034939860322,3.0
32.12689208984375,-11.647488594055176,-0.1163029670715332,0.0963802185129411,-0.0605401028210048,-0.9935017611609048,0.1106570775926495,3.0
32.62626647949219,-11.987265586853027,-0.1254725456237793,0.1856924389285405,0.734659328152731,-0.6525289186564437,0.0816351439289674,5.0
32.76896667480469,-11.8713960647583,-0.1074709892272949,0.8089258144793791,-0.1876178717828014,0.5571701363646165,0.1471848659867935,3.0
32.8267822265625,-12.09229564666748,-0.1270359754562378,-0.0,-0.0,-1.0,0.0971693188126873,1.0
33.261146545410156,-12.277889251708984,-0.1277397871017456,-0.0,-0.0,-1.0,0.0544454709092002,1.0
31.949527740478516,-11.18545913696289,-0.0523581504821777,-0.0,-0.0,-1.0,0.1862374782483841,2.0
31.808673858642575,-11.30877685546875,-0.0715092420578002,0.3508152708791796,-0.1463915794604165,-0.92493143052934,0.2010437713265034,4.0
32.197452545166016,-11.21542739868164,-0.0454221963882446,-0.1052615429045649,-0.122234451045653,-0.9869036156398042,0.1567657882007798,7.0
32.136329650878906,-11.602168083190918,-0.0898326635360717,-0.0,-0.0,-1.0,0.1225714858342137,2.0
32.26633834838867,-11.857718467712402,-0.1128982305526733,-0.3722531839016741,0.8056900980077794,-0.4607505106316015,0.1244388773237971,3.0
32.32932662963867,-12.130717277526855,-0.1408756971359253,-0.0,-0.0,-1.0,0.026896136590339,1.0
32.92552185058594,-11.700498580932615,-0.0726852416992187,-0.26862259048061,0.67310354858953,-0.6890381098021129,0.0696274802253888,3.0
32.65918731689453,-11.999929428100586,-0.1150640249252319,0.7820603055290312,0.3593239104258116,-0.5091836661874988,0.0769569710578335,4.0
32.755149841308594,-12.15940761566162,-0.1299716234207153,-0.0,-0.0,-1.0,0.01391246214939,2.0
33.171913146972656,-12.17961597442627,-0.1198086738586425,-0.0,-0.0,-1.0,0.0426339911873062,1.0
32.296722412109375,-10.48374366760254,-0.1968047618865966,0.2266171718233584,0.1435868598878216,-0.9633418246408372,0.0199529116283818,3.0
32.58509063720703,-10.702678680419922,-0.2107206583023071,-0.1970498649414708,0.8553496893351329,-0.4791119490065341,0.064811060869445,4.0
31.807205200195312,-11.320516586303713,0.0564799308776855,-0.6982764154521036,-0.0399928164638378,-0.7147101666092702,0.166552344419386,3.0
32.674198150634766,-10.648263931274414,-0.1983236074447631,-0.0,-0.0,-1.0,0.0324210518339417,2.0
32.011959075927734,-11.43056297302246,0.052020788192749,-0.4591088468336202,0.8844926079340251,-0.0830174275027258,0.2713021586812364,4.0
32.055171966552734,-11.685264587402344,0.0257501602172851,-0.0,-0.0,-1.0,0.1782629589662092,1.0
32.88658142089844,-10.806049346923828,-0.2095720767974853,-0.0,-0.0,-1.0,0.0371245568308472,1.0
33.43634796142578,-10.969974517822266,-0.2079988718032837,-0.0,-0.0,-1.0,0.0246058732262113,1.0
31.8487548828125,-10.8248291015625,-0.1565830707550048,-0.0,-0.0,-1.0,0.0412684962677393,1.0
32.126564025878906,-11.117876052856444,-0.173876404762268,-0.0,-0.0,-1.0,0.1105190877564648,2.0
32.5745735168457,-11.132802963256836,-0.1452975273132324,0.0178717387955207,0.9203929173411391,0.3905860707458619,0.09213056035746,6.0
32.34229278564453,-11.262537002563477,-0.1779037714004516,-0.0,-0.0,-1.0,0.082271749361012,1.0
31.98373031616211,-11.710294723510742,0.1132776737213134,-0.7017215913824694,0.2829506621680243,-0.6538545181967711,0.0703601193562373,4.0
33.17045974731445,-11.276485443115234,-0.1283484697341919,-0.0,-0.0,-1.0,0.0726396920690099,2.0
33.4532470703125,-11.392074584960938,-0.1289211511611938,0.205901632195506,-0.2669015446429927,-0.941471233403555,0.1159435662500635,3.0
31.943979263305664,-10.537168502807615,-0.1835018396377563,-0.0,-0.0,-1.0,0.0122250687939179,1.0
31.791088104248047,-10.39413070678711,-0.1792064905166626,-0.0,-0.0,-1.0,0.0120859938833519,1.0
32.54743194580078,-10.786537170410156,-0.164397120475769,-0.3062896760889704,0.8738354937645363,-0.377621720983583,0.0700972464062357,3.0
32.24962615966797,-10.745155334472656,-0.183958888053894,-0.8896848053066226,0.396268797711169,0.2267862146759834,0.0177620573762158,3.0
32.747535705566406,-10.93447208404541,-0.1688371896743774,-0.0,-0.0,-1.0,0.0879579389888691,2.0
32.588130950927734,-11.081894874572754,-0.2015634775161743,-0.0,-0.0,-1.0,0.0830999660578002,2.0
32.02294158935547,-11.348127365112305,0.0660008192062377,-0.342568142158332,0.9097541810814956,-0.2345088441464977,0.1812260044169295,4.0
31.71752166748047,-11.2987699508667,0.0511273145675659,-0.0,-0.0,-1.0,0.1876605529410194,2.0
33.258056640625,-11.16401481628418,-0.1632232666015625,0.5416322902663735,-0.1800396967562812,-0.8211091095175533,0.0618272623032765,3.0
32.78059768676758,-11.170099258422852,-0.1988413333892822,-0.7079154151738964,0.7060827247645549,-0.0174054804079525,0.0908155272167836,3.0
32.12716293334961,-11.665700912475586,0.0389702320098876,-0.0,-0.0,-1.0,0.179043186617009,2.0
33.488162994384766,-11.294291496276855,-0.1665223836898803,0.7643812126693739,-0.5852245281464996,-0.2706170973419909,0.0911218067471111,3.0
33.13128662109375,-12.313750267028809,0.0228673219680786,-0.0,-0.0,-1.0,0.0749537743054801,2.0
31.968427658081055,-11.1389799118042,-0.1742957830429077,0.532408324419262,0.5090064175588354,-0.676353341806629,0.196020494522552,3.0
31.79706764221191,-10.96223258972168,-0.1652841567993164,-0.1103047633901115,-0.1041163255869431,-0.988429385398737,0.0999164469582467,5.0
32.57648468017578,-11.318782806396484,-0.1532866954803466,-0.116043710862451,0.8538509902999257,-0.5074173267963048,0.0271567040593024,3.0
32.160526275634766,-11.254678726196287,-0.1749074459075927,-0.6259375060902166,0.6087995767422744,0.4874067232076179,0.2890053604160729,3.0
31.71365737915039,-11.556756019592283,0.0996707677841186,-0.0,-0.0,-1.0,0.0853389726152857,1.0
32.91828155517578,-11.52182960510254,-0.1585332155227661,-0.0,-0.0,-1.0,0.0755846008100962,1.0
32.79497146606445,-11.582690238952637,-0.174831748008728,-0.0,-0.0,-1.0,0.0439604076082955,1.0
31.93704414367676,-11.716872215270996,0.0961426496505737,-0.6890591341791319,-0.7161741345292599,0.11086982743547,0.0550866757219828,4.0
33.55830001831055,-11.766752243041992,-0.1559420824050903,-0.0511955042480883,0.1634868868884215,-0.9852162494398458,0.0226242364466371,4.0
33.11144256591797,-11.841460227966309,-0.1917288303375244,-0.0,-0.0,-1.0,0.0254353116759645,2.0
33.67136001586914,-12.018470764160156,-0.1867239475250244,0.9110608309026248,-0.2802034276076488,0.3024139572704009,0.0181835285699555,3.0
32.178810119628906,-10.97886562347412,-0.2187229394912719,-0.0,-0.0,-1.0,0.0370605848211304,2.0
31.87445831298828,-10.835686683654783,-0.2055443525314331,-0.0,-0.0,-1.0,0.0328921627523811,1.0
32.773372650146484,-11.178281784057615,-0.2369227409362793,0.1843557413590464,0.953161793890584,-0.2397823081364428,0.095358193940372,3.0
32.34182357788086,-11.076822280883787,-0.230828046798706,-0.0,-0.0,-1.0,0.1006213475889371,2.0
32.63650131225586,-10.915430068969728,-0.1912941932678222,-0.0,-0.0,-1.0,0.0812596461153058,2.0
32.47639083862305,-10.933432579040527,-0.1996810436248779,-0.0,-0.0,-1.0,0.0591367147311017,2.0
33.59292984008789,-11.084107398986816,-0.2046087980270385,-0.0,-0.0,-1.0,0.0288065844049287,1.0
33.07466125488281,-11.063228607177734,-0.2082481384277343,-0.0,-0.0,-1.0,0.0430264636354478,2.0
32.792362213134766,-11.099040031433104,-0.2215092182159423,-0.0,-0.0,-1.0,0.0778474519933538,2.0
32.14446258544922,-11.431303024291992,0.0117483139038085,-0.0,-0.0,-1.0,0.2028518913650124,2.0
31.945005416870117,-11.413373947143556,0.010293960571289,-0.0,-0.0,-1.0,0.1779377683675527,2.0
32.198890686035156,-11.598958969116213,-0.0129605531692504,-0.0,-0.0,-1.0,0.1344684872523573,1.0
32.22241973876953,-11.910913467407228,-0.0606237649917602,-0.0,-0.0,-1.0,0.1121407190309343,1.0
31.760112762451172,-10.822675704956056,-0.0833806991577148,-0.0,-0.0,-1.0,0.1139660817849922,1.0
31.787128448486328,-10.952346801757812,-0.1407660245895385,0.3257709396901004,-0.9437027131001136,-0.0574324310900503,0.0925789613998498,6.0
33.3699836730957,-11.367196083068848,-0.1200366020202636,-0.0,-0.0,-1.0,0.0802019851118147,1.0
33.158897399902344,-11.35696029663086,-0.1280592679977417,-0.0,-0.0,-1.0,0.0631329226416039,2.0
32.54636001586914,-11.13800811767578,-0.123826265335083,0.1859574791273162,0.8774076321499499,0.4422393729663061,0.0593062113361957,6.0
32.247833251953125,-11.312366485595703,-0.1689178943634033,-0.0,-0.0,-1.0,0.1311209617133901,2.0
32.00053024291992,-11.151158332824709,-0.1581906080245971,-0.0311076051106596,0.0617074520247827,-0.997609396141039,0.18096552663755,4.0
33.42237091064453,-11.436058044433594,-0.1291718482971191,-0.319698071159717,-0.8720992059201106,-0.3704539355038206,0.0884794547828382,3.0
32.69065856933594,-11.45810890197754,-0.1677594184875488,0.011681116408267,-0.7681704567739807,-0.6401388137420748,0.0170060585682206,3.0
32.4862174987793,-11.489331245422363,-0.1836936473846435,-0.0,-0.0,-1.0,0.0206587465309585,2.0
31.86623764038086,-11.389591217041016,0.109010100364685,-0.0,-0.0,-1.0,0.1232555304796623,1.0
32.07809066772461,-11.603692054748535,0.0913652181625366,-0.0,-0.0,-1.0,0.0897935281087015,2.0
32.75096130371094,-12.059622764587402,0.0592775344848632,-0.0,-0.0,-1.0,0.1825778640730254,1.0
32.49663543701172,-10.479148864746094,-0.2167361974716186,0.1150197157990589,-0.6935025209969038,-0.7112135532654332,0.0355996731535076,3.0
33.03273010253906,-10.667207717895508,-0.2120054960250854,-0.0,-0.0,-1.0,0.0536024060208413,1.0
32.764801025390625,-10.55906105041504,-0.2101824283599853,-0.6360490621916399,0.0483327767430878,-0.7701334515377439,0.0149690706811344,4.0
31.800886154174805,-11.093633651733398,-0.1181261539459228,-0.0,-0.0,-1.0,0.0829475909843502,2.0
33.70395278930664,-10.935868263244627,-0.2254525423049926,-0.0,-0.0,-1.0,0.0176333416837461,1.0
32.27505111694336,-11.179754257202148,-0.0961047410964965,-0.0,-0.0,-1.0,0.1494828166753906,2.0
32.029205322265625,-11.356224060058594,-0.1430691480636596,-0.3709185037882761,0.9025621932381708,-0.2186342857023342,0.1900186843888733,4.0
32.420467376708984,-11.726616859436035,-0.1768823862075805,-0.0,-0.0,-1.0,0.0184323183152933,2.0
32.231239318847656,-11.58669090270996,-0.1662815809249878,-0.0,-0.0,-1.0,0.0807498655086078,2.0
33.42325973510742,-11.922170639038086,-0.154132604598999,-0.0872800696185273,0.9748793917689088,-0.2049203771021013,0.0513647808915642,5.0
32.878414154052734,-11.929916381835938,-0.1834261417388916,-0.0,-0.0,-1.0,0.0376776380573919,1.0
32.669639587402344,-11.829744338989258,-0.1784389019012451,-0.0,-0.0,-1.0,0.0517262601762476,1.0
33.584556579589844,-12.105072021484377,-0.1785645484924316,-0.0,-0.0,-1.0,0.0146505290916917,1.0
32.87312698364258,-10.98453140258789,-0.0238070487976074,-0.0,-0.0,-1.0,0.1232930715653924,2.0
31.86360740661621,-11.570874214172363,0.1028122901916503,-0.5608555935926769,-0.4834626944815396,-0.672089894419233,0.0873005190820823,4.0
31.99549102783203,-11.66921615600586,0.0978660583496093,-0.0,-0.0,-1.0,0.088885165980956,2.0
32.729148864746094,-11.960392951965332,0.0984536409378051,-0.0,-0.0,-1.0,0.1537763693850925,1.0
32.230167388916016,-10.77748966217041,-0.2037973403930664,-0.8896848053066226,0.396268797711169,0.2267862146759834,0.0214938075120005,3.0
31.94622802734375,-10.686172485351562,-0.2001591920852661,-0.0,-0.0,-1.0,0.011021709059359,2.0
33.267906188964844,-10.36337947845459,-0.2941595315933227,-0.0,-0.0,-1.0,0.0498104181565768,2.0
32.79244613647461,-10.890766143798828,-0.2039376497268676,-0.0,-0.0,-1.0,0.0969977974566922,1.0
32.46002960205078,-10.859048843383787,-0.2102895975112915,-0.0,-0.0,-1.0,0.0482773044161775,2.0
33.19062042236328,-10.951644897460938,-0.2054640054702758,-0.0,-0.0,-1.0,0.040651009580421,2.0
33.036407470703125,-10.962793350219728,-0.2118879556655883,-0.0,-0.0,-1.0,0.0493588570158411,2.0
32.143558502197266,-11.748815536499023,-0.1412407159805297,-0.0,-0.0,-1.0,0.1165487523771625,2.0
32.42704391479492,-11.947175979614258,-0.1682076454162597,-0.0,-0.0,-1.0,0.0314965892537117,1.0
32.17506408691406,-11.83157730102539,-0.1551048755645752,-0.0,-0.0,-1.0,0.144567032334506,2.0
32.92133712768555,-12.10637664794922,-0.1854612827301025,-0.2757811140282113,0.9608339860976616,0.0272548767202785,0.0248529177586884,3.0
32.69169235229492,-11.97161102294922,-0.1653827428817749,-0.0,-0.0,-1.0,0.0956723548165057,2.0
33.49247741699219,-12.02170753479004,-0.1618211269378662,-0.0,-0.0,-1.0,0.0266382193244749,1.0
32.0535888671875,-11.319141387939451,-0.0672848224639892,-0.0,-0.0,-1.0,0.2521514605311085,2.0
31.713041305541992,-11.33175563812256,-0.0846228599548339,-0.0,-0.0,-1.0,0.2292805798922861,2.0
32.787513732910156,-11.074626922607422,0.0017024278640747,-0.0,-0.0,-1.0,0.1130340946519998,1.0
32.10852813720703,-11.62196922302246,-0.11963951587677,0.3374510142423165,0.4159935406680992,-0.8444383856204375,0.1163580594708664,4.0
32.08353042602539,-11.628201484680176,-0.1216847896575927,0.0963802185129411,-0.0605401028210048,-0.9935017611609048,0.1137312446956287,3.0
32.8851432800293,-11.681622505187988,-0.107581615447998,-0.0,-0.0,-1.0,0.0771472001174099,2.0
31.957202911376953,-10.4257173538208,-0.1889417171478271,-0.0,-0.0,-1.0,0.0113611874917062,1.0
32.26551818847656,-10.515165328979492,-0.2088286876678466,-0.0,-0.0,-1.0,0.0199809803334422,2.0
33.13747024536133,-10.587051391601562,-0.237047791481018,-0.0,-0.0,-1.0,0.0579579481462256,1.0
32.78611373901367,-10.597700119018556,-0.2327442169189453,-0.0,-0.0,-1.0,0.0115965941255989,2.0
32.516056060791016,-10.615480422973633,-0.2347967624664306,-0.0,-0.0,-1.0,0.0411650520446345,2.0
32.12725067138672,-11.284936904907228,-0.1798464059829712,-0.0,-0.0,-1.0,0.1926981876726912,2.0
31.914461135864254,-11.222384452819824,-0.1660388708114624,-0.0,-0.0,-1.0,0.183612192979712,1.0
33.26732635498047,-10.637649536132812,-0.2548164129257202,-0.0,-0.0,-1.0,0.0506882039378955,1.0
32.99216842651367,-11.185401916503906,-0.1681108474731445,0.4727632911164204,0.0401540636776698,-0.8802741173878399,0.050349728871075,3.0
32.665767669677734,-11.243391036987305,-0.1750191450119018,-0.0,-0.0,-1.0,0.0499411484418054,1.0
32.37704849243164,-11.363779067993164,-0.1994760036468505,-0.0,-0.0,-1.0,0.0355452134558763,2.0
33.199859619140625,-11.273902893066406,-0.1953867673873901,-0.0,-0.0,-1.0,0.0721419112822185,2.0
32.940284729003906,-11.298858642578123,-0.1934635639190673,-0.0,-0.0,-1.0,0.0625710447615592,2.0
31.83040428161621,-11.361098289489746,0.0384351015090942,-0.8672593214816561,0.0519995211008204,-0.4951336376257049,0.2120831854178153,3.0
33.0981559753418,-11.08742332458496,-0.1482065916061401,0.252536115714584,0.4380732669224536,-0.862738270315905,0.0983936037191768,5.0
32.84758377075195,-11.123798370361328,-0.150152325630188,0.42268775649597,0.5428358494786848,-0.7257164053741366,0.0831699695993344,4.0
32.02410888671875,-11.640680313110352,-0.0166836977005004,-0.0,-0.0,-1.0,0.1326655389689506,1.0
32.24293518066406,-12.248804092407228,-0.1384893655776977,-0.0,-0.0,-1.0,0.0074401053313272,1.0
32.09857177734375,-12.186635971069336,-0.1244666576385498,-0.0,-0.0,-1.0,0.0128390456338828,2.0
33.190677642822266,-12.080462455749512,-0.1283038854598999,-0.0,-0.0,-1.0,0.0472993954936611,1.0
32.89828872680664,-12.17049789428711,-0.1371515989303589,-0.0,-0.0,-1.0,0.0229396020658268,2.0
32.45246124267578,-12.304431915283203,-0.1531102657318115,0.913850511005744,-0.2725813276736179,0.3009595709364105,0.0185386244556539,3.0
33.429813385009766,-12.272428512573242,-0.1756516695022583,0.8792296152288547,-0.395394795377036,0.2657409255144424,0.0123671352415318,3.0
32.426570892333984,-10.543925285339355,-0.2147920131683349,-0.0,-0.0,-1.0,0.0351365709091016,1.0
32.96897888183594,-10.664283752441406,-0.2310757637023925,-0.0,-0.0,-1.0,0.0349151438345989,2.0
32.629859924316406,-10.602167129516602,-0.223213791847229,-0.0,-0.0,-1.0,0.0326253030649872,1.0
33.20568084716797,-10.78413200378418,-0.265012264251709,-0.0,-0.0,-1.0,0.0473876523453108,1.0
33.19709014892578,-11.212881088256836,-0.2085115909576416,-0.0,-0.0,-1.0,0.069770065494531,1.0
32.28247833251953,-10.461669921875,-0.196865439414978,-0.0,-0.0,-1.0,0.0199529116283818,2.0
32.12315368652344,-10.41691780090332,-0.1939502954483032,0.4938251660170008,0.3334033506177189,-0.8031057907929441,0.01092678464185,3.0
31.73434829711914,-10.755807876586914,-0.1578800678253173,-0.0,-0.0,-1.0,0.0604381034201551,1.0
32.19740676879883,-10.95876121520996,-0.1796067953109741,-0.0,-0.0,-1.0,0.0355578575436741,2.0
31.85717010498047,-11.145780563354492,-0.0617992877960205,0.1610071035298861,0.2611093901197621,-0.9517870554930882,0.1915871942034706,3.0
33.0538444519043,-11.059684753417969,-0.1676739454269409,0.7778750456070138,0.6095000271725795,0.1530363692019354,0.0580357698966802,4.0
32.77062225341797,-11.110980987548828,-0.1926685571670532,-0.1872923520327715,0.9494506197669552,0.2519227966941008,0.0888970979064112,3.0
32.37544250488281,-11.212501525878906,-0.1437366008758545,-0.8931280635043961,-0.0024716976736764,-0.4497956790493848,0.1311955591282214,3.0
32.019107818603516,-11.411081314086914,-0.0230920314788818,0.3583908900248758,0.8729897648755548,-0.3308244857468999,0.1739163294142455,4.0
33.153289794921875,-11.150518417358398,-0.1914293766021728,-0.0,-0.0,-1.0,0.089329925007868,2.0
33.001617431640625,-11.565950393676758,-0.1105177402496337,-0.0,-0.0,-1.0,0.0573833300507987,2.0
32.620670318603516,-11.744388580322266,-0.17177414894104,-0.0,-0.0,-1.0,0.0312857038052546,1.0
32.20028305053711,-11.726045608520508,-0.0845704078674316,-0.0,-0.0,-1.0,0.1497349180483632,1.0
33.177268981933594,-11.876769065856934,-0.1838589906692505,-0.0,-0.0,-1.0,0.0406125324348239,1.0
32.81166076660156,-12.001218795776367,-0.1159262657165527,-0.0,-0.0,-1.0,0.1961937898355003,2.0
32.5474853515625,-12.318721771240234,-0.0913176536560058,-0.0,-0.0,-1.0,0.0164618576532422,1.0
32.208648681640625,-12.324291229248049,-0.1108952760696411,-0.0,-0.0,-1.0,0.0064593409922023,1.0
33.598724365234375,-11.260762214660645,-0.2130619287490844,0.884226115528874,-0.4630526169556438,-0.061044660268105,0.1376976699273221,4.0
33.43544006347656,-11.282076835632324,-0.2011288404464721,-0.0,-0.0,-1.0,0.0781561752377166,2.0
31.763206481933594,-11.85124397277832,0.0592576265335083,0.2032353934158988,-0.4195277509435167,-0.8846987289757793,0.2257383901109932,4.0
31.79893493652344,-11.004453659057615,-0.1058216094970703,-0.0,-0.0,-1.0,0.1093232394009836,2.0
32.424598693847656,-10.91063117980957,-0.1424640417098999,-0.0,-0.0,-1.0,0.0648474692109318,2.0
32.13956832885742,-11.209367752075195,-0.1284369230270385,-0.0,-0.0,-1.0,0.2372603355300935,1.0
32.566917419433594,-10.914976119995115,-0.1510897874832153,0.4345154443978758,-0.2930949328768251,-0.8516405866923242,0.0581092163665906,3.0
32.51335525512695,-11.35246467590332,-0.1524152755737304,-0.0,-0.0,-1.0,0.0315765669786196,1.0
31.84049415588379,-11.074642181396484,-0.1223260164260864,-0.0,-0.0,-1.0,0.097005389688554,2.0
32.1088752746582,-11.174860000610352,-0.1539543867111206,-0.0,-0.0,-1.0,0.2125256430889158,2.0
32.231971740722656,-10.783443450927734,-0.186315655708313,-0.8896848053066226,0.396268797711169,0.2267862146759834,0.0211929243861593,3.0
32.27336883544922,-11.11473274230957,-0.1783055067062378,-0.0,-0.0,-1.0,0.1194179692445006,2.0
33.1480712890625,-12.331231117248535,-0.1069520711898803,-0.0,-0.0,-1.0,0.0712363784292627,1.0
33.4306755065918,-11.934281349182127,-0.1287637948989868,-0.0872800696185273,0.9748793917689088,-0.2049203771021013,0.0330119489844251,5.0
33.65360641479492,-12.03622341156006,-0.1496877670288086,0.9110608309026248,-0.2802034276076488,0.3024139572704009,0.01706915687392,3.0
31.89573860168457,-11.327879905700684,0.018003225326538,-0.5146963035547152,0.7983903152376726,-0.3125069913486775,0.1906467918650115,6.0
32.754486083984375,-11.94344425201416,-0.0623286962509155,0.9846737236032224,0.173295476783948,-0.0196554260088428,0.1794726748493098,8.0
31.826356887817383,-11.495652198791504,-0.0596832036972045,-0.0,-0.0,-1.0,0.1197799926450118,1.0
32.786415100097656,-12.3380765914917,-0.1397539377212524,0.7458330581598162,0.0406182810407886,-0.6648933783707486,0.0307837084180189,4.0
32.033119201660156,-11.413331031799316,-0.0640417337417602,-0.9153191095737488,-0.2705444824974154,-0.2983229971680443,0.2271540312117612,3.0
32.837833404541016,-11.84007740020752,-0.1178964376449585,0.2228535257651711,-0.4006126021369199,-0.8887327208239371,0.0699453245800451,3.0
32.90323257446289,-12.220389366149902,-0.1389155387878418,0.4126946333239654,-0.5872502375893734,-0.696290383444165,0.0356845110025349,3.0
32.88960266113281,-11.609597206115724,-0.1090204715728759,-0.0,-0.0,-1.0,0.0470517599167175,1.0
31.952831268310547,-11.038613319396973,-0.1053462028503418,-0.2562480641344085,0.4089523491088548,-0.8758395434014828,0.2149553308432645,3.0
32.23223876953125,-11.05581760406494,-0.1125266551971435,-0.0,-0.0,-1.0,0.0806790053250319,2.0
32.55249786376953,-11.260924339294434,-0.1330378055572509,-0.0,-0.0,-1.0,0.0349977793004118,1.0
32.85660934448242,-11.65933322906494,-0.1657660007476806,-0.0,-0.0,-1.0,0.0681932679885354,1.0
32.915443420410156,-11.151429176330566,-0.1342741250991821,-0.0,-0.0,-1.0,0.0799901685865985,2.0
33.08273696899414,-11.23950481414795,-0.1438575983047485,-0.0,-0.0,-1.0,0.0718760452108325,1.0
33.202056884765625,-11.080416679382324,-0.136467695236206,0.6210957176373356,-0.4641144566557871,-0.6315361277517436,0.1159347827062342,6.0
32.037384033203125,-10.48445987701416,-0.1639806032180786,-0.0,-0.0,-1.0,0.007226576719073,2.0
31.92978858947754,-10.668188095092772,-0.1664180755615234,-0.0,-0.0,-1.0,0.0113812420016619,2.0
32.02121353149414,-11.356145858764648,-0.0017013549804687,-0.9169360456633596,-0.0417260621487685,-0.3968465999612424,0.2202639954050791,3.0
33.02821731567383,-11.489208221435549,-0.105681300163269,-0.1628784770798808,-0.1246682970652515,-0.9787381761283194,0.1086921904050018,6.0
32.9175910949707,-11.733741760253906,-0.1020678281784057,-0.5589122768147154,0.5472508384825524,-0.6230036810532776,0.0705654904371344,6.0
32.75790786743164,-12.020502090454102,-0.095014214515686,0.1670374599623024,0.0620692558460789,-0.983994865051671,0.1737807542612973,3.0
33.11406707763672,-11.279581069946287,-0.1080168485641479,-0.0,-0.0,-1.0,0.0733957031346271,2.0
32.074581146240234,-11.356056213378906,-0.0096145868301391,-0.0,-0.0,-1.0,0.2528067855706451,2.0
32.6550407409668,-12.2870512008667,-0.0990582704544067,-0.0,-0.0,-1.0,0.0251896810901837,2.0
32.99428939819336,-11.075274467468262,-0.0851169824600219,-0.0,-0.0,-1.0,0.0596041456694338,1.0
33.02238082885742,-11.48168659210205,-0.1028507947921752,-0.2464060948007166,-0.6077701310164983,-0.7549168856829529,0.1256691971857031,5.0
32.891780853271484,-11.766240119934082,-0.1012598276138305,-0.1543880518114896,0.098172054677436,-0.9831208354715422,0.0647031703260895,3.0
32.74528121948242,-12.022687911987305,-0.0972955226898193,0.1504758506466437,0.1505291248245131,-0.9770864859119356,0.1775832468606232,3.0
33.21318054199219,-11.357410430908203,-0.1163285970687866,-0.0,-0.0,-1.0,0.0762398721546009,2.0
33.45680236816406,-11.352602005004885,-0.1393338441848755,-0.0,-0.0,-1.0,0.0857968268506114,2.0
33.55528259277344,-11.812204360961914,-0.1655664443969726,-0.0,-0.0,-1.0,0.0200501954327741,2.0
31.729053497314453,-10.964813232421877,-0.1367397308349609,-0.2788190411014041,0.2306476657934578,-0.932234732555767,0.0744755777149288,3.0
32.01136779785156,-11.108404159545898,-0.1705923080444336,-0.0,-0.0,-1.0,0.1506158594236578,2.0
32.38914489746094,-10.88936996459961,-0.1918675899505615,-0.0,-0.0,-1.0,0.0429341555666538,1.0
32.322967529296875,-11.087831497192385,-0.1974773406982422,-0.0,-0.0,-1.0,0.1034981058350066,2.0
32.66144561767578,-10.719573974609377,-0.2069067955017089,-0.0,-0.0,-1.0,0.078806135622827,1.0
33.3505859375,-10.378769874572754,0.5413039326667786,-0.0,-0.0,-1.0,0.0917046352089007,1.0
32.43037796020508,-11.424057960510254,-0.1386293172836303,-0.0,-0.0,-1.0,0.0244603920509914,1.0
32.8100471496582,-11.129796028137209,-0.1553148031234741,-0.017580489792209,0.7131944581874899,-0.7007457393301216,0.1313409737816391,3.0
32.57358932495117,-11.392553329467772,-0.1524877548217773,-0.0,-0.0,-1.0,0.0244070180087233,2.0
33.06462860107422,-10.96897029876709,-0.1712369918823242,0.9127361395833506,0.4060688308787886,0.0449537994747479,0.0569427738257167,8.0
33.31382751464844,-10.805330276489258,-0.1869392395019531,0.3882221839409424,-0.7693625724564302,0.507311312705866,0.0542534369676487,3.0
31.87436866760254,-11.311617851257324,-0.0626447200775146,0.155142293311585,0.2764689677065059,-0.9484175128714784,0.2160157751313674,3.0
31.956151962280273,-11.38437271118164,-0.0793628692626953,-0.0,-0.0,-1.0,0.143560632165738,2.0
32.1826286315918,-11.27635669708252,-0.0948094129562377,-0.935829714348654,-0.3523703119852966,0.0076097945768093,0.1699701152103131,4.0
32.606727600097656,-11.129598617553713,-0.1307177543640136,-0.2585780538606029,0.9287732752298544,0.2655514889441816,0.0823128840219331,4.0
31.83301544189453,-11.107952117919922,-0.0555076599121093,0.1610071035298861,0.2611093901197621,-0.9517870554930882,0.1372045805479125,3.0
31.802947998046875,-11.379678726196287,-0.080473780632019,-0.0,-0.0,-1.0,0.225489922735966,2.0
31.957176208496097,-11.105218887329102,-0.0720925331115722,-0.15018966113102,0.9446367255681172,-0.2917267941024536,0.2066004853411428,8.0
32.13761901855469,-11.309857368469238,-0.1183514595031738,-0.0,-0.0,-1.0,0.1291029622688136,2.0
32.607181549072266,-10.836256980895996,-0.1347819566726684,0.0073717107864168,0.3159205613880518,-0.9487570061782624,0.0655258147916548,3.0
32.575538635253906,-11.335623741149902,-0.1814092397689819,-0.116043710862451,0.8538509902999257,-0.5074173267963048,0.0291850257217958,3.0
32.842994689941406,-10.876727104187012,-0.1724823713302612,-0.0,-0.0,-1.0,0.0486672200340808,1.0
32.74996566772461,-11.200640678405762,-0.1919406652450561,-0.6669970276932441,0.5358028572345342,0.5177163926588446,0.0917252110402168,4.0
33.15331268310547,-10.73015022277832,-0.2028313875198364,-0.0,-0.0,-1.0,0.0483577475014123,2.0
31.74863052368164,-11.019699096679688,-0.1389096975326538,0.9626497709451712,0.0528366652570748,-0.265544168272853,0.1049404182043759,3.0
32.144775390625,-10.51975917816162,-0.1769192218780517,-0.0,-0.0,-1.0,0.0087525906615512,2.0
32.00611114501953,-10.79513168334961,-0.1710683107376098,-0.0,-0.0,-1.0,0.015378442366916,2.0
33.630027770996094,-11.38516330718994,-0.1198384761810302,-0.0,-0.0,-1.0,0.1654304719737741,1.0
33.598384857177734,-11.837435722351074,-0.1369436979293823,-0.0,-0.0,-1.0,0.0199863668391019,1.0
33.51369094848633,-12.241762161254885,-0.1430965662002563,-0.0,-0.0,-1.0,0.0126351754528991,1.0
33.6908073425293,-10.394021034240724,-0.0853409767150878,-0.565715591635918,-0.657564374180847,0.4975690536882037,0.0387105539311934,3.0
31.79421615600586,-10.767290115356444,-0.156476616859436,-0.0,-0.0,-1.0,0.033279445404308,1.0
32.075653076171875,-10.541282653808594,-0.1813020706176757,-0.0297980900477251,-0.3967990451688817,-0.9174217086937564,0.0061493163135208,3.0
32.94404983520508,-11.725031852722168,-0.1038743257522583,-0.9452712580844354,-0.1879259544798669,-0.2667322332833062,0.0696274802253889,6.0
32.83333206176758,-12.037075996398926,-0.1172491312026977,-0.0,-0.0,-1.0,0.1482494138728696,2.0
33.02274703979492,-11.533381462097168,-0.0981512069702148,0.7084509653002989,-0.2029592647658686,-0.6759473105285447,0.0946502018483063,3.0
33.02311325073242,-11.919622421264648,-0.1358425617218017,-0.0,-0.0,-1.0,0.0270025573774283,1.0
33.607696533203125,-11.249695777893066,-0.1697773933410644,0.9083146170770892,-0.3681551392941198,0.198560695545287,0.096338560623792,5.0
33.445499420166016,-11.43188190460205,-0.1589627265930175,-0.319698071159717,-0.8720992059201106,-0.3704539355038206,0.0903654109238503,3.0
31.818572998046875,-11.41824722290039,0.1058191061019897,-0.0,-0.0,-1.0,0.1265422807647039,2.0
31.782289505004883,-10.564294815063477,-0.17310631275177,-0.3367619705875574,-0.8173691431021891,-0.4674388292283582,0.0226686817968323,4.0
31.84554672241211,-11.317123413085938,0.007944107055664,0.5101418032125257,0.8452082840020998,0.1593056724329002,0.2407514030852068,6.0
32.19929885864258,-11.24849796295166,-0.0427702665328979,-0.905499542744814,-0.2768739691046354,0.321576403551594,0.1388986921066114,5.0
32.435646057128906,-11.736310005187988,-0.1493991613388061,-0.0,-0.0,-1.0,0.0169076361575165,2.0
32.716487884521484,-11.312135696411133,-0.1417899131774902,-0.0,-0.0,-1.0,0.0428838306007093,2.0
32.728389739990234,-11.519326210021973,-0.1708570718765258,-0.0,-0.0,-1.0,0.0309150821132782,2.0
33.01112747192383,-10.933112144470217,-0.1473015546798706,-0.1706577908514737,-0.2219414696051762,-0.9600093241688794,0.0982076191604127,4.0
33.009490966796875,-11.09347152709961,-0.1669083833694458,-0.0,-0.0,-1.0,0.069773207521826,2.0
32.89578628540039,-11.41395378112793,-0.18665611743927,-0.2421555717846917,0.1933836800654788,-0.9507699150362096,0.0745462095025253,3.0
33.482093811035156,-10.41037654876709,-0.1756330728530883,-0.0,-0.0,-1.0,0.0519605821941372,2.0
33.37206268310547,-10.687942504882812,-0.185909628868103,-0.0,-0.0,-1.0,0.0600002028060261,1.0
33.283294677734375,-10.947391510009766,-0.1994365453720092,-0.0,-0.0,-1.0,0.0585542435602277,2.0
32.78751754760742,-12.020421981811523,0.1039515733718872,-0.0,-0.0,-1.0,0.1607253309219001,1.0
31.86433982849121,-11.163604736328123,-0.1156556606292724,0.4356235034039055,0.4589825922330637,-0.7743172110376503,0.1672444457830664,3.0
32.43535232543945,-10.91696834564209,-0.2060017585754394,-0.0,-0.0,-1.0,0.0597473457831504,2.0
32.27492904663086,-11.109845161437988,-0.1972355842590332,-0.0,-0.0,-1.0,0.1218004275735652,2.0
32.765357971191406,-10.478001594543455,-0.2245862483978271,-0.0,-0.0,-1.0,0.010268916318551,2.0
32.56792068481445,-10.716178894042969,-0.2091555595397949,-0.1970498649414708,0.8553496893351329,-0.4791119490065341,0.0749526782359134,4.0
32.83610916137695,-11.865848541259766,-0.1067119836807251,0.2228535257651711,-0.4006126021369199,-0.8887327208239371,0.0869703117475456,3.0
32.96628952026367,-11.627596855163574,-0.1024777889251709,-0.0,-0.0,-1.0,0.055850902377877,2.0
33.686710357666016,-10.95741844177246,-0.1708829402923584,-0.0,-0.0,-1.0,0.0231731228731742,1.0
33.52061080932617,-11.254199981689451,-0.1687147617340088,0.7182275422794132,-0.618273541884119,-0.3191974700985894,0.0898098316600404,3.0
33.463687896728516,-11.574881553649902,-0.1930227279663086,0.8074979644749667,0.0580965757759587,-0.5870024065128643,0.0429005261921012,4.0
32.090206146240234,-11.415496826171877,0.0897086858749389,-0.3987769619762855,0.8105349636899952,-0.4289638763730836,0.156974579269096,3.0
31.88165283203125,-11.618565559387209,0.101373553276062,-0.8029457728261424,0.0787101227729672,-0.59083229640372,0.0792695966237601,4.0
32.11865234375,-11.40350341796875,0.0859260559082031,-0.251679267185854,0.1522354030957803,-0.9557624854078848,0.1584605797842523,4.0
31.82634925842285,-11.146833419799805,-0.067301869392395,0.1610071035298861,0.2611093901197621,-0.9517870554930882,0.1682745353886777,3.0
32.76949691772461,-11.702406883239746,-0.2205079793930053,-0.0,-0.0,-1.0,0.0471259646349414,1.0
31.920507431030273,-11.1860933303833,-0.0930826663970947,0.1204533622960657,-0.6626081477287811,-0.7392167679882583,0.2026880838550763,3.0
31.8034610748291,-11.353978157043455,-0.0672279596328735,0.2544714772116206,0.0766894196971567,-0.9640347505107116,0.1738779250383584,5.0
32.42643356323242,-11.031484603881836,-0.2221685647964477,-0.0,-0.0,-1.0,0.0746271368699778,2.0
33.652976989746094,-10.822601318359377,-0.1995974779129028,-0.0,-0.0,-1.0,0.0218118075300314,2.0
33.65052032470703,-11.075238227844238,-0.2044140100479126,-0.0,-0.0,-1.0,0.0327301286082339,1.0
33.5166130065918,-11.420491218566896,-0.1836005449295044,-0.0,-0.0,-1.0,0.0845039091877878,2.0
33.523799896240234,-11.62536334991455,-0.1918815374374389,-0.0,-0.0,-1.0,0.0294103485403417,1.0
33.49818420410156,-11.700024604797363,-0.1887873411178589,-0.0,-0.0,-1.0,0.0227911926399235,1.0
32.027923583984375,-11.89055347442627,0.067528486251831,-0.0,-0.0,-1.0,0.1595016792608591,2.0
32.757232666015625,-11.973857879638672,-0.0921865701675415,0.986343420850116,-0.0605093813509226,0.1531837814986273,0.2054843699275088,7.0
33.19639587402344,-12.029617309570312,-0.1886370182037353,-0.0,-0.0,-1.0,0.0573268731658777,2.0
33.0431022644043,-12.25881576538086,-0.1615369319915771,-0.0,-0.0,-1.0,0.0806614232031592,1.0
31.941930770874023,-11.83614730834961,0.0872442722320556,-0.0,-0.0,-1.0,0.0911026925046263,2.0
32.450340270996094,-12.00285816192627,-0.142276644706726,-0.0,-0.0,-1.0,0.0441824351358329,2.0
32.45261764526367,-12.179667472839355,-0.1458224058151245,-0.0,-0.0,-1.0,0.0442312887714789,1.0
32.28681182861328,-12.347020149230955,-0.113493800163269,-0.0,-0.0,-1.0,0.0084643480678201,1.0
33.00971221923828,-11.685262680053713,-0.1503424644470214,-0.0,-0.0,-1.0,0.0407740894989289,2.0
32.759796142578125,-11.869749069213867,-0.093602180480957,0.8089258144793791,-0.1876178717828014,0.5571701363646165,0.1438143746955836,3.0
33.134246826171875,-11.736019134521484,-0.1750645637512207,-0.0,-0.0,-1.0,0.0265448596524038,2.0
33.23188400268555,-11.909872055053713,-0.1914777755737304,-0.0,-0.0,-1.0,0.0525355969551569,1.0
31.7894287109375,-11.736391067504885,0.1051642894744873,-0.0,-0.0,-1.0,0.0733007176404083,2.0
32.75379943847656,-11.899065971374512,-0.0405504703521728,0.9894099613189644,0.0759953548962091,-0.1236633918223352,0.1688735904552957,3.0
33.21677780151367,-11.896690368652344,-0.1351301670074463,-0.0,-0.0,-1.0,0.0432533740542691,1.0
33.12861633300781,-12.242779731750488,-0.1098804473876953,0.2975630064652618,0.0699174785357212,-0.952138542113784,0.0770144601350969,3.0
31.765342712402344,-10.57357406616211,-0.1904318332672119,0.0952382419413728,-0.7675150308036345,-0.633916678091382,0.0226686817968323,4.0
31.730632781982425,-11.781549453735352,0.0620827674865722,-0.0,-0.0,-1.0,0.1719014856969863,2.0
31.873241424560547,-11.777605056762695,0.0344266891479492,-0.0,-0.0,-1.0,0.1091526238791455,1.0
32.91966247558594,-11.912679672241213,-0.1439228057861328,-0.0,-0.0,-1.0,0.0418681954285696,1.0
33.204280853271484,-12.231962203979492,-0.1475706100463867,-0.0,-0.0,-1.0,0.0685495744834354,1.0
32.73743438720703,-11.53231716156006,-0.1733052730560302,-0.0,-0.0,-1.0,0.0343460138024883,2.0
33.097442626953125,-11.862926483154297,-0.1867527961730957,-0.0,-0.0,-1.0,0.0279606490095738,2.0
31.72735595703125,-11.986799240112305,-0.1028165817260742,-0.0,-0.0,-1.0,0.0840278454132549,1.0
32.04094314575195,-12.18121337890625,-0.1319653987884521,-0.0,-0.0,-1.0,0.0236016912838439,1.0
32.77320861816406,-11.92750644683838,0.0638093948364257,-0.0,-0.0,-1.0,0.1163803406624722,1.0
32.034629821777344,-11.33745002746582,0.0942232608795166,-0.342568142158332,0.9097541810814956,-0.2345088441464977,0.1407405759184392,4.0
33.63752746582031,-11.549985885620115,-0.1575875282287597,-0.0,-0.0,-1.0,0.0191096697380439,1.0
33.03474426269531,-10.966092109680176,-0.1479663848876953,-0.4319229013628913,-0.042232206674048,-0.9009212218599928,0.1199381407979801,8.0
33.268123626708984,-11.190834045410156,-0.1507022380828857,-0.0,-0.0,-1.0,0.0612293080411726,2.0
33.61009216308594,-11.337934494018556,-0.1877791881561279,-0.0,-0.0,-1.0,0.1820807303750214,1.0
33.03757095336914,-10.744672775268556,-0.1879334449768066,-0.0,-0.0,-1.0,0.0522712947393958,1.0
33.32891845703125,-10.962507247924805,-0.201056957244873,-0.0,-0.0,-1.0,0.0319216201990442,2.0
31.768878936767575,-11.847944259643556,-0.0075516700744628,0.8409338861160819,-0.2562854670822374,-0.4766004181115917,0.1697409136835104,3.0
32.624454498291016,-12.184243202209473,-0.1337454319000244,-0.0,-0.0,-1.0,0.0322302246182443,1.0
31.773109436035156,-11.823087692260742,-0.0134534835815429,0.8409338861160819,-0.2562854670822374,-0.4766004181115917,0.1807225411525509,3.0
32.27042007446289,-11.803293228149414,-0.1257088184356689,-0.0,-0.0,-1.0,0.0947508152027914,1.0
32.49285125732422,-11.902973175048828,-0.1559634208679199,-0.0,-0.0,-1.0,0.0394688834296807,1.0
33.65066146850586,-11.328864097595217,-0.1150121688842773,0.0673940953294294,0.5439213668687591,-0.8364254793933225,0.1112717479821913,3.0
33.66253662109375,-11.1121187210083,-0.1532583236694336,-0.0,-0.0,-1.0,0.0398626191910944,2.0
33.34926986694336,-10.741724014282228,-0.1570463180541992,-0.0,-0.0,-1.0,0.058513700006703,2.0
33.645843505859375,-10.744878768920898,-0.2123546600341797,-0.8343309256342739,-0.0669633485561756,-0.5471817033494445,0.0219856183184926,4.0
33.458290100097656,-10.367475509643556,-0.2430121898651123,-0.0,-0.0,-1.0,0.067203532143349,1.0
32.752967834472656,-11.967388153076172,0.1635510921478271,-0.0,-0.0,-1.0,0.1307932608377145,1.0
32.45085144042969,-11.636602401733398,-0.1910245418548584,-0.0,-0.0,-1.0,0.0100535803968262,2.0
31.713464736938477,-11.800451278686523,0.0123143196105957,-0.0,-0.0,-1.0,0.1680990016598252,2.0
32.626373291015625,-12.007580757141112,-0.15142822265625,0.1856924389285405,0.734659328152731,-0.6525289186564437,0.0637869557487752,5.0
32.78224182128906,-12.206632614135742,-0.1469144821166992,-0.0,-0.0,-1.0,0.0204679842392366,2.0
32.27370834350586,-11.641242027282717,-0.1495635509490966,-0.2021019601429628,-0.4640845703803641,-0.8624269877741795,0.0617251452534711,3.0
32.50345993041992,-11.735620498657228,-0.1813757419586181,-0.5298795522045536,-0.116302388006831,-0.8400603637235896,0.0170923627890756,3.0
33.583885192871094,-11.258235931396484,-0.1582338809967041,-0.3430085121983214,-0.1936558887811163,-0.9191531740139344,0.1012174476615691,4.0
31.76923370361328,-10.765357971191406,0.0939698219299316,-0.0,-0.0,-1.0,0.0811096514599362,2.0
33.243019104003906,-10.928466796875,-0.1530148983001709,-0.0,-0.0,-1.0,0.0500662329913722,1.0
33.5115966796875,-10.977354049682615,-0.1976134777069091,-0.0,-0.0,-1.0,0.0222174416403887,1.0
33.1480827331543,-10.498125076293944,-0.2212543487548828,-0.0,-0.0,-1.0,0.0382475757520275,1.0
33.331153869628906,-10.669233322143556,-0.2221975326538086,-0.0,-0.0,-1.0,0.0614336932575395,1.0
32.04536056518555,-11.756510734558104,0.0917222499847412,-0.0,-0.0,-1.0,0.1062990855910359,2.0
33.41059494018555,-11.951858520507812,-0.1550772190093994,-0.0872800696185273,0.9748793917689088,-0.2049203771021013,0.0627270532934072,5.0
33.6623420715332,-12.122535705566406,-0.1737210750579834,0.0129448481563777,-0.644681698915907,-0.7643415061274041,0.015661489439373,3.0
31.926013946533203,-11.686433792114258,0.0974345207214355,-0.93726849115099,-0.3424203074731863,0.0653919607101268,0.0687100408658171,3.0
32.99360275268555,-11.64040184020996,-0.1376760005950927,-0.8053983916129025,-0.1256633288972247,-0.5792600094584622,0.0541536876981892,3.0
33.337127685546875,-11.691743850708008,-0.2008323669433593,-0.0,-0.0,-1.0,0.0255240566255277,2.0
32.694862365722656,-11.319889068603516,-0.1552546024322509,-0.0,-0.0,-1.0,0.0415525029741706,2.0
32.944244384765625,-11.350637435913086,-0.199838638305664,-0.3201465373781125,-0.2186072178776539,-0.9218009974482544,0.0818970649420549,3.0
31.829425811767575,-10.64943504333496,-0.1677093505859375,-0.0,-0.0,-1.0,0.021641197111159,2.0
33.55082702636719,-10.412946701049805,-0.1946816444396972,-0.0,-0.0,-1.0,0.0515386102849625,1.0
33.32839584350586,-11.222063064575195,-0.1476140022277832,-0.0,-0.0,-1.0,0.0794590992166417,2.0
33.67362594604492,-11.387598991394045,-0.1725654602050781,0.2733705801560875,-0.908639355746526,0.315662869361701,0.15801267563765,3.0
32.67192840576172,-10.67612361907959,-0.1789319515228271,-0.0,-0.0,-1.0,0.0390283313870493,2.0
32.921024322509766,-10.835309982299805,-0.1781177520751953,-0.0,-0.0,-1.0,0.0460165014304043,1.0
33.25651931762695,-11.04324722290039,-0.1826937198638916,-0.0,-0.0,-1.0,0.0965064618571676,1.0
32.157100677490234,-10.411712646484377,-0.1709156036376953,-0.0,-0.0,-1.0,0.0082967408414227,2.0
32.52574157714844,-10.521841049194336,-0.1989085674285888,0.9022764599316344,-0.428834405652982,-0.0447017044584643,0.0370276525260565,3.0
33.55693435668945,-10.525205612182615,-0.2261006832122802,-0.0,-0.0,-1.0,0.0491160370092448,2.0
32.02543258666992,-11.338744163513184,-0.1484661102294922,-0.3709185037882761,0.9025621932381708,-0.2186342857023342,0.1903727748192261,4.0
32.088077545166016,-11.37923526763916,-0.1373169422149658,-0.0,-0.0,-1.0,0.1089472218139357,2.0
31.996400833129883,-11.695589065551758,-0.0600016117095947,-0.0,-0.0,-1.0,0.1138171766937718,1.0
31.75884056091309,-11.841064453125,-0.0289633274078369,0.8409338861160819,-0.2562854670822374,-0.4766004181115917,0.1533948256335398,3.0
32.15673065185547,-10.792425155639648,-0.1920027732849121,-0.0,-0.0,-1.0,0.0131884891210662,1.0
32.4352912902832,-10.814868927001951,-0.1886546611785888,-0.0,-0.0,-1.0,0.0623097757880365,1.0
33.41977310180664,-10.76757526397705,-0.2171602249145507,-0.0,-0.0,-1.0,0.0357825419418282,1.0
32.540870666503906,-10.901473999023438,-0.1690258979797363,-0.0,-0.0,-1.0,0.0499891513560492,2.0
32.21986389160156,-11.092445373535156,-0.1217477321624755,0.6968284417537345,-0.0554011628151701,-0.715094982447639,0.0724537092184327,3.0
33.043296813964844,-10.991604804992676,-0.1554830074310302,-0.4138384290403958,0.2714432339093446,-0.8689397708784043,0.0869217233157615,7.0
32.775352478027344,-10.981390953063965,-0.1530907154083252,-0.0,-0.0,-1.0,0.0961902094439296,1.0
32.3880500793457,-11.160009384155272,-0.1066811084747314,-0.0827755044194813,0.1638681040286935,-0.9830032860322196,0.1140826585448818,5.0
32.05893325805664,-11.804526329040527,0.0460870265960693,-0.0,-0.0,-1.0,0.2110695935722254,2.0
31.75142478942871,-11.86729621887207,0.0595579147338867,-0.3167106455465322,0.215171318213054,-0.9237941712394356,0.2220960233258422,3.0
33.63749313354492,-11.11698055267334,-0.1411352157592773,-0.0,-0.0,-1.0,0.0544989227753685,2.0
33.16605758666992,-11.08796501159668,-0.1352066993713379,0.1276578395544943,0.033728010167924,-0.9912446203286008,0.1128811358621809,4.0
33.68744659423828,-11.307188987731934,-0.0979530811309814,-0.0,-0.0,-1.0,0.1112717479821913,2.0
32.32927322387695,-12.039470672607422,-0.1758615970611572,-0.0,-0.0,-1.0,0.0332081560341761,2.0
31.909648895263672,-12.192967414855955,-0.1392312049865722,0.021155756557502,-0.8937488404762022,-0.4480685707700597,0.0490560163811923,3.0
33.546180725097656,-11.985824584960938,-0.2042534351348877,-0.0,-0.0,-1.0,0.0265291337981059,1.0
33.26949691772461,-12.011847496032717,-0.1916840076446533,-0.0,-0.0,-1.0,0.060716970673877,2.0
32.88688659667969,-12.116999626159668,-0.1595535278320312,-0.2757811140282113,0.9608339860976616,0.0272548767202785,0.0252003816825305,3.0
32.493385314941406,-12.120989799499512,-0.155738353729248,-0.0,-0.0,-1.0,0.0465359637930437,2.0
32.11713790893555,-12.221617698669434,-0.130542516708374,-0.0,-0.0,-1.0,0.0082292361659882,2.0
33.695186614990234,-12.120938301086426,-0.1745121479034423,0.0129448481563777,-0.644681698915907,-0.7643415061274041,0.0175883166012907,3.0
33.281803131103516,-12.15360164642334,-0.1564457416534423,-0.0,-0.0,-1.0,0.0284053439543127,1.0
31.922895431518555,-11.338332176208496,0.0836544036865234,-0.0,-0.0,-1.0,0.1288253666634901,2.0
32.60422134399414,-11.40473461151123,-0.2129104137420654,-0.0,-0.0,-1.0,0.0234761391518201,1.0
32.32729721069336,-11.455070495605469,-0.1939935684204101,-0.0,-0.0,-1.0,0.0240347175453868,2.0
33.4470329284668,-11.543532371520996,-0.2125349044799804,0.6703948135104612,0.5830643757489784,-0.4589190862785378,0.0440051601510368,5.0
33.05938720703125,-11.49647617340088,-0.2067110538482666,-0.0,-0.0,-1.0,0.1187979403675322,2.0
32.82149124145508,-11.52448844909668,-0.1915936470031738,-0.0,-0.0,-1.0,0.0362182830079578,1.0
33.642112731933594,-11.671828269958496,-0.1924467086791992,-0.0,-0.0,-1.0,0.0219884597117199,2.0
32.23988342285156,-11.519500732421877,-0.1770644187927246,-0.0,-0.0,-1.0,0.0632351842151476,1.0
32.88221740722656,-11.740516662597656,-0.1434757709503173,-0.0,-0.0,-1.0,0.0995640480403552,1.0
32.14802169799805,-11.718273162841797,-0.1288576126098632,-0.0,-0.0,-1.0,0.1153383394587269,2.0
31.880773544311523,-11.84985637664795,-0.0940480232238769,-0.0,-0.0,-1.0,0.1478949550113641,2.0
33.599517822265625,-11.686201095581056,-0.1869549751281738,-0.0,-0.0,-1.0,0.0192270088222198,2.0
33.135555267333984,-12.315569877624512,-0.019993782043457,-0.0,-0.0,-1.0,0.07495377430548,2.0
31.93872833251953,-12.199085235595703,-0.1256551742553711,-0.0,-0.0,-1.0,0.0387149519630991,2.0
33.131553649902344,-12.301584243774414,-0.1665501594543457,-0.0,-0.0,-1.0,0.07495377430548,1.0
32.80501937866211,-12.356453895568848,-0.1327404975891113,-0.0,-0.0,-1.0,0.0271996386826225,2.0
32.433570861816406,-12.329156875610352,-0.1181440353393554,0.913850511005744,-0.2725813276736179,0.3009595709364105,0.0162633148820893,3.0
32.151222229003906,-12.304858207702637,-0.1096980571746826,-0.0,-0.0,-1.0,0.0063072361010858,2.0
32.78363800048828,-11.752132415771484,-0.1828389167785644,-0.0,-0.0,-1.0,0.0556103525860692,1.0
32.41738510131836,-11.650691032409668,-0.1788332462310791,-0.0,-0.0,-1.0,0.031760924060538,2.0
32.01332473754883,-11.835404396057127,-0.1065511703491211,-0.0,-0.0,-1.0,0.1953134447481444,1.0
33.245845794677734,-11.979473114013672,-0.1689043045043945,0.4611029326509174,0.8771553517194042,0.1340991217373614,0.062234743461144,4.0
33.046730041503906,-11.873724937438965,-0.1760096549987793,-0.0,-0.0,-1.0,0.0303613015468777,1.0
33.67242431640625,-12.174245834350586,-0.1641812324523925,-0.0,-0.0,-1.0,0.0154032642496659,2.0
33.44374084472656,-12.07049560546875,-0.1659033298492431,-0.0,-0.0,-1.0,0.0259284018913712,2.0
31.786176681518555,-12.203530311584473,-0.1392891407012939,-0.0,-0.0,-1.0,0.0587999834602198,1.0
31.97679901123047,-12.33395290374756,-0.1231336593627929,-0.0,-0.0,-1.0,0.0176114409998818,1.0
32.792457580566406,-10.543136596679688,-0.2299127578735351,-0.5229829248464493,-0.1345297034732349,-0.8416594437196421,0.0101715632342162,3.0
32.534027099609375,-10.466012001037598,-0.2234988212585449,0.1150197157990589,-0.6935025209969038,-0.7112135532654332,0.0221303920975403,3.0
33.23261260986328,-10.741018295288086,-0.230365514755249,-0.0,-0.0,-1.0,0.0637151282339681,1.0
32.90419387817383,-10.681777000427246,-0.2124674320220947,-0.0,-0.0,-1.0,0.0302809287488358,2.0
32.56886291503906,-10.69557285308838,-0.1809675693511963,-0.1952987755718888,0.8865062417493369,-0.4194819085486134,0.064811060869445,5.0
33.43074417114258,-10.89963436126709,-0.2183210849761963,-0.0,-0.0,-1.0,0.0305228971150818,1.0
33.07596969604492,-11.074734687805176,-0.1510968208312988,0.4672635430140183,0.1812034356577261,-0.865349695947149,0.0603268386840311,5.0
33.58652114868164,-11.361584663391112,-0.1448259353637695,0.9227653392660862,0.3123889104323413,-0.2256486146379786,0.1044166927480206,3.0
31.902742385864254,-11.80810546875,0.0938081741333007,-0.0,-0.0,-1.0,0.0904805999391447,2.0
32.67621612548828,-12.039483070373535,0.0733425617218017,-0.0,-0.0,-1.0,0.1113781679671857,1.0
33.40877914428711,-10.72193431854248,-0.2410545349121093,-0.0,-0.0,-1.0,0.048713778778405,1.0
33.102909088134766,-10.673044204711914,-0.2194664478302002,-0.0,-0.0,-1.0,0.0701978193649297,1.0
33.579551696777344,-10.903790473937988,-0.2261343002319336,-0.0,-0.0,-1.0,0.0273005190804045,1.0
33.12926483154297,-11.094515800476074,-0.1462116241455078,0.1758891009167829,0.2266795494132442,-0.9579558476550442,0.0972530767958548,6.0
33.580501556396484,-11.346134185791016,-0.14805269241333,0.9227653392660862,0.3123889104323413,-0.2256486146379786,0.1070755441222149,3.0
31.929481506347656,-11.699918746948242,0.0765223503112793,-0.93726849115099,-0.3424203074731863,0.0653919607101268,0.0687100408658171,3.0
31.849132537841797,-11.692161560058594,0.0820977687835693,0.3015538590354349,-0.8491791712117339,-0.433543544849868,0.0395774771827378,4.0
32.63754653930664,-10.975573539733888,-0.186002492904663,-0.0,-0.0,-1.0,0.0704760617943063,1.0
33.09408187866211,-11.344176292419434,-0.1839921474456787,-0.0,-0.0,-1.0,0.0858645237794141,1.0
32.77129364013672,-11.23153305053711,-0.1613614559173584,0.896983525968536,0.3419405881174039,-0.280173496853247,0.0586190593047651,3.0
32.40468978881836,-11.048922538757324,-0.1461577415466308,-0.0,-0.0,-1.0,0.0863361001492044,2.0
33.457801818847656,-11.56080722808838,-0.1971063613891601,0.8074979644749667,0.0580965757759587,-0.5870024065128643,0.0429005261921013,4.0
33.669551849365234,-11.993825912475586,-0.1584417819976806,0.9110608309026248,-0.2802034276076488,0.3024139572704009,0.017230246522163,3.0
32.752872467041016,-11.704514503479004,-0.0838069915771484,-0.0,-0.0,-1.0,0.0521608188959189,1.0
31.84680557250977,-11.831436157226562,0.0467612743377685,-0.0,-0.0,-1.0,0.1401288932345107,1.0
31.745820999145508,-11.859869003295898,0.063209056854248,0.2032353934158988,-0.4195277509435167,-0.8846987289757793,0.2257383901109933,4.0
32.969337463378906,-12.359323501586914,-0.0087189674377441,-0.0,-0.0,-1.0,0.0556976659752391,1.0
32.307403564453125,-11.4173583984375,-0.2041149139404297,-0.0,-0.0,-1.0,0.0384357998339742,2.0
33.001670837402344,-11.80789566040039,-0.1992664337158203,-0.0,-0.0,-1.0,0.0247469831736723,1.0
32.71894073486328,-11.704696655273438,-0.1901805400848388,-0.0,-0.0,-1.0,0.0422032755155955,1.0
32.457210540771484,-11.557438850402832,-0.1921544075012207,-0.0,-0.0,-1.0,0.0114125848834872,1.0
32.080223083496094,-11.736946105957031,-0.1250245571136474,-0.0,-0.0,-1.0,0.1555021256899092,1.0
33.43968963623047,-12.203620910644531,-0.1748867034912109,0.7640334949818831,-0.0269635998770589,-0.64461289378001,0.017997895378628,3.0
33.094642639160156,-12.094839096069336,-0.1577565670013427,-0.0,-0.0,-1.0,0.0328026882912894,1.0
31.883399963378903,-11.833930015563965,-0.0897836685180664,-0.0,-0.0,-1.0,0.1478949550113641,2.0
33.64632797241211,-10.782697677612305,-0.2179625034332275,-0.9683561274920834,-0.0487003660013688,0.2447747632005169,0.0197704075472904,3.0
33.47914505004883,-10.642670631408691,-0.2248373031616211,-0.0,-0.0,-1.0,0.0353422941957745,1.0
33.612972259521484,-11.178244590759276,-0.1511967182159423,0.1687157762403461,0.4378764391548642,-0.8830624048620086,0.0751317928820016,3.0
33.24623107910156,-10.77985668182373,-0.1806528568267822,-0.0405524041368548,-0.2777255310973981,-0.9598041633038426,0.0514066956074085,3.0
31.969486236572266,-11.729994773864746,0.0911717414855957,-0.0483648574889377,-0.8286924044092739,0.5576107418571233,0.1559772790296526,4.0
31.86259078979492,-11.690211296081545,0.0937514305114746,0.6523987739763482,-0.2695821601262384,-0.70830875940922,0.0395774771827378,3.0
33.68816375732422,-11.37840175628662,-0.1586811542510986,0.2733705801560875,-0.908639355746526,0.315662869361701,0.1520410687211993,3.0
33.35377502441406,-11.231119155883787,-0.1587703227996826,-0.2804172387050599,-0.5179689240207844,-0.8081301664866742,0.06522887854044,5.0
33.15910720825195,-11.241908073425291,-0.1413195133209228,0.8702410883982783,0.1051821155672338,-0.4812662159638683,0.0691531259689296,3.0
33.03681182861328,-11.02084255218506,-0.1735119819641113,0.2226824204962494,0.1677520194699966,-0.9603498318663204,0.0601912845739643,4.0
31.816368103027344,-10.598102569580078,-0.1693360805511474,-0.3587019508435184,-0.4526176833660075,-0.8163762264822775,0.0226686817968323,3.0
32.855003356933594,-11.994251251220703,0.0232820510864257,-0.0,-0.0,-1.0,0.1572498689702083,1.0
31.727540969848633,-10.585123062133787,-0.1662228107452392,-0.0,-0.0,-1.0,0.1135151669960781,2.0
31.98759078979492,-11.871973991394045,0.0667977333068847,-0.0,-0.0,-1.0,0.1324440514161683,2.0
32.68115234375,-12.258682250976562,-0.1286220550537109,-0.0,-0.0,-1.0,0.0276166775384616,2.0
32.409236907958984,-12.02170181274414,-0.1465153694152832,-0.0,-0.0,-1.0,0.0422076964639631,2.0
32.003753662109375,-12.0131196975708,-0.1075801849365234,-0.0,-0.0,-1.0,0.0845377866154961,1.0
31.860366821289062,-11.941658973693848,-0.1079320907592773,-0.0,-0.0,-1.0,0.1614151524642033,2.0
32.796546936035156,-12.302946090698242,-0.1211435794830322,0.955128963216598,-0.2940949794924877,0.0351682621421663,0.0333127439112286,3.0
32.605323791503906,-12.012540817260742,-0.1469342708587646,-0.4102320656458058,0.7348988848905484,-0.5400308151416952,0.0466269539530956,4.0
32.21738815307617,-11.978169441223145,-0.1029026508331298,-0.0,-0.0,-1.0,0.0906066138795442,1.0
32.08202362060547,-11.860530853271484,-0.1072204113006591,-0.0,-0.0,-1.0,0.2253553838609286,1.0
31.74881362915039,-11.753692626953123,-0.0859014987945556,-0.0,-0.0,-1.0,0.1153979631278919,1.0
33.469932556152344,-12.193419456481934,-0.139467716217041,0.3419404503726011,-0.9394783954359204,-0.0213792635076863,0.017345280214698,3.0
33.31991195678711,-11.953083992004396,-0.1584727764129638,0.9083176924174444,0.3248655836245103,0.2634792633543572,0.0675420169780191,3.0
33.22395324707031,-11.717463493347168,-0.1854207515716552,-0.0,-0.0,-1.0,0.0177773176205109,1.0
32.91746139526367,-11.587075233459473,-0.1654143333435058,-0.0,-0.0,-1.0,0.0603249990952951,1.0
32.76460266113281,-11.360162734985352,-0.1851022243499755,-0.0,-0.0,-1.0,0.0308424793495996,1.0
31.92209243774414,-11.841912269592283,0.0161836147308349,-0.0,-0.0,-1.0,0.1167958499156045,2.0
31.731197357177734,-11.824846267700195,0.0383276939392089,0.8560558878638204,0.2618432723936404,-0.4456527993358469,0.1680990016598251,5.0
33.60151290893555,-11.89569091796875,-0.2106215953826904,-0.0,-0.0,-1.0,0.0208122111580618,1.0
33.434139251708984,-11.573158264160156,-0.2323145866394043,0.6673896028377957,-0.4068655447021839,-0.6237399671002367,0.0429005261921013,5.0
33.08514404296875,-11.47110080718994,-0.1912593841552734,-0.0,-0.0,-1.0,0.1232180285117738,2.0
32.87035369873047,-11.37470817565918,-0.1721961498260498,-0.0,-0.0,-1.0,0.0563952959517433,2.0
32.20096969604492,-10.63844394683838,-0.1954073905944824,-0.0,-0.0,-1.0,0.0165334497529818,2.0
32.1978645324707,-10.561538696289062,-0.2087514400482177,-0.0,-0.0,-1.0,0.0140686050560119,1.0
31.898025512695312,-10.400394439697266,-0.1945059299468994,-0.0,-0.0,-1.0,0.0115338418630888,1.0
31.93844985961914,-11.894180297851562,0.0626530647277832,-0.0,-0.0,-1.0,0.1095922430746765,1.0
33.685909271240234,-12.075803756713867,-0.1989452838897705,-0.0,-0.0,-1.0,0.0168976755111205,2.0
33.50838851928711,-11.93050479888916,-0.1861510276794433,-0.0,-0.0,-1.0,0.0257018816699875,2.0
33.40868377685547,-11.609612464904783,-0.2140820026397705,0.836949132848201,-0.540034085875031,0.0887656190073826,0.0433702631806174,3.0
33.09896469116211,-11.520015716552734,-0.1709680557250976,-0.0,-0.0,-1.0,0.0579632937441559,2.0
33.04352569580078,-11.383512496948242,-0.1817924976348877,-0.0,-0.0,-1.0,0.1199610808070356,1.0
32.40500259399414,-10.477449417114258,-0.2180895805358886,-0.0,-0.0,-1.0,0.0286047197612856,1.0
32.11246871948242,-10.38218116760254,-0.1860997676849365,-0.0,-0.0,-1.0,0.01092678464185,2.0
32.1187629699707,-11.85785675048828,0.0568809509277343,-0.0,-0.0,-1.0,0.1728584369899041,2.0
31.810548782348633,-11.707183837890623,0.0870556831359863,0.1256924028960045,-0.5868285217381046,-0.7998960594532891,0.0675405209736274,3.0
33.579071044921875,-11.46001434326172,-0.1934816837310791,-0.0,-0.0,-1.0,0.0853819653940746,1.0
33.306495666503906,-11.34354019165039,-0.1576159000396728,0.9191998792735426,0.1670256350286277,-0.3566146648509964,0.0781605228514759,3.0
33.193328857421875,-11.065471649169922,-0.1768224239349365,0.9771125753579872,-0.0036688560758748,-0.2126912188417202,0.1021385354490806,3.0
33.080352783203125,-10.501714706420898,-0.2422704696655273,-0.0,-0.0,-1.0,0.0486160683313057,2.0
33.05865478515625,-10.366918563842772,-0.2596948146820068,-0.0,-0.0,-1.0,0.0210776805569997,2.0
33.080875396728516,-11.387633323669434,-0.1080043315887451,-0.3257731248317751,-0.2079348267043565,-0.9222987471425784,0.1018598950917964,3.0
33.06649398803711,-11.00423526763916,-0.1621375083923339,-0.176576314242022,0.0979234563154657,-0.9794037992329494,0.0579969525949657,5.0
32.05525588989258,-11.43171501159668,0.0915548801422119,-0.0443990624877314,0.0659128940169486,-0.99683710487347,0.1860942452234762,4.0
31.728839874267575,-10.846478462219238,0.0572664737701416,-0.0,-0.0,-1.0,0.122652843296414,1.0
33.609214782714844,-11.234426498413086,-0.2263283729553222,-0.0,-0.0,-1.0,0.1144604238084545,2.0
33.32304000854492,-10.737218856811523,-0.1989624500274658,-0.0,-0.0,-1.0,0.0607051641365742,2.0
33.42447280883789,-10.483647346496582,-0.241037368774414,-0.0,-0.0,-1.0,0.0756002752747108,1.0
33.689002990722656,-12.353927612304688,-0.1801965236663818,-0.0,-0.0,-1.0,0.0149722196186866,1.0
33.6627082824707,-12.107291221618652,-0.186572790145874,0.0740554644106919,-0.4853481264093147,-0.8711790771029139,0.0147484427889208,4.0
33.548248291015625,-11.69257354736328,-0.1838271617889404,0.9614216503755156,0.264762871549477,-0.074625947485409,0.0220205983157441,3.0
33.42588424682617,-11.387252807617188,-0.1755130290985107,-0.0,-0.0,-1.0,0.1033405540206355,1.0
33.21965408325195,-10.990208625793455,-0.1574459075927734,-0.3784762892800047,-0.318636244085098,-0.8690377681137801,0.076711642176868,3.0
32.79267883300781,-11.983997344970703,0.0025887489318847,-0.0,-0.0,-1.0,0.1463282550690013,2.0
33.27323532104492,-10.682820320129396,-0.2200925350189209,-0.0,-0.0,-1.0,0.0671509799317718,1.0
33.44514465332031,-11.879197120666504,-0.1829326152801513,-0.0,-0.0,-1.0,0.042304844899696,1.0
33.38682556152344,-11.638383865356444,-0.1830263137817382,-0.0,-0.0,-1.0,0.0463350338565017,2.0
33.135467529296875,-11.185142517089844,-0.1549091339111328,0.8960125905289031,-0.3451782376890513,0.2793088287891465,0.0803341192830832,3.0
33.16904830932617,-10.972492218017578,-0.1765027046203613,0.126448506150683,-0.8473481800069315,-0.5157633538079274,0.0844704199144879,3.0
33.34975051879883,-12.101985931396484,-0.150463581085205,-0.0,-0.0,-1.0,0.0409732657444046,2.0
33.01017761230469,-11.465524673461914,-0.1094076633453369,-0.0971730229619878,-0.1895508014154153,-0.9770506114276796,0.1256691971857031,6.0
32.73183822631836,-11.943187713623049,-0.0201342105865478,-0.0,-0.0,-1.0,0.1299332419748586,2.0
32.16844940185547,-11.440671920776367,0.0753397941589355,-0.0,-0.0,-1.0,0.1516045302242092,2.0
33.40576171875,-10.591307640075684,-0.2121427059173584,-0.0,-0.0,-1.0,0.0514472925694977,2.0
33.266231536865234,-10.828094482421877,-0.1694393157958984,-0.0,-0.0,-1.0,0.0431415729867446,2.0
33.40000915527344,-11.928955078125,-0.1533937454223632,-0.0872800696185273,0.9748793917689088,-0.2049203771021013,0.0626662837411973,5.0
33.44156265258789,-11.66376781463623,-0.1715514659881591,-0.0,-0.0,-1.0,0.0459753147209166,1.0
33.121604919433594,-11.313724517822266,-0.1152124404907226,0.0219051826585338,0.2107947901550221,-0.9772848711691984,0.0849560154597611,3.0
33.200477600097656,-11.048985481262209,-0.1442651748657226,0.878842171345182,0.2575595236589498,-0.4016211269814632,0.1085944726699713,5.0
33.34677505493164,-12.21687126159668,-0.1334643363952636,-0.0,-0.0,-1.0,0.0176631831051698,1.0
33.38938903808594,-10.448731422424316,-0.2311997413635254,-0.8665004699046406,-0.3495132379603527,-0.3563950506748189,0.0788019955253535,4.0
33.505760192871094,-11.48348903656006,-0.2042279243469238,-0.0,-0.0,-1.0,0.0579082760333516,2.0
33.369117736816406,-11.202136039733888,-0.1875233650207519,0.5601924733983699,-0.7137019925003132,-0.4204924002272813,0.0640794562021351,3.0
33.26261520385742,-10.759529113769531,-0.1872270107269287,-0.0,-0.0,-1.0,0.0596591386557852,2.0
33.44633102416992,-12.229175567626951,-0.1659460067749023,0.6642865708586558,-0.0870944539885914,-0.7423866296353114,0.0178267335533972,3.0
33.4437255859375,-11.93809700012207,-0.1744627952575683,-0.0489319146862601,0.9758625228301212,-0.2128332780858476,0.0342747580404565,6.0
33.42364501953125,-11.525378227233888,-0.1852705478668213,-0.0,-0.0,-1.0,0.0590273318736651,2.0
33.14995574951172,-11.138948440551758,-0.1442987918853759,0.5650858156364519,0.2395554117826921,-0.7894879515560136,0.1169173328601223,5.0
32.65791702270508,-10.929737091064451,-0.2009332180023193,-0.0,-0.0,-1.0,0.0774508444476421,2.0
32.60154342651367,-10.70201301574707,-0.1975696086883545,-0.1970498649414708,0.8553496893351329,-0.4791119490065341,0.0692589312086288,4.0
32.5277099609375,-12.10262393951416,-0.1420838832855224,-0.0,-0.0,-1.0,0.053318229872411,2.0
32.2881965637207,-11.000856399536133,-0.1179652214050293,-0.0,-0.0,-1.0,0.0792699518812116,1.0
32.081298828125,-11.264805793762209,-0.0641844272613525,-0.0,-0.0,-1.0,0.2209094225655543,2.0
31.94951629638672,-11.143451690673828,-0.0394132137298584,0.2637730842587096,0.0488747716825088,-0.9633457410056006,0.1776995749915505,4.0
33.55376434326172,-10.795555114746094,-0.2282917499542236,-0.0,-0.0,-1.0,0.0240870152903106,1.0
33.46110153198242,-10.739008903503418,-0.2103159427642822,-0.0,-0.0,-1.0,0.0289296539498916,1.0
33.39826202392578,-10.372465133666992,-0.2038884162902832,-0.6560578684538289,0.6478867811638138,0.3870798264350786,0.075013366961856,3.0
33.39799499511719,-11.248022079467772,-0.1926593780517578,-0.0,-0.0,-1.0,0.0741852999316749,1.0
33.27393341064453,-10.81532096862793,-0.1715614795684814,-0.2057716661523898,-0.323844293194141,-0.9234624492498092,0.0448470928951755,4.0
33.390846252441406,-10.626035690307615,-0.1977767944335937,-0.3650867670417149,-0.2176408681289649,-0.9051762839641232,0.0536877272485804,3.0
33.31520462036133,-11.925740242004396,-0.1759591102600097,0.9815724667159323,0.1444583803238713,0.1250890440422483,0.075773919580885,4.0
33.19796371459961,-11.356151580810549,-0.1517701148986816,-0.0006792530182041,-0.99937986637922,-0.0352054156514199,0.0748233214948855,3.0
33.11608123779297,-11.07707977294922,-0.1369175910949707,0.252536115714584,0.4380732669224536,-0.862738270315905,0.1035459133307611,5.0
33.22541046142578,-12.31290340423584,-0.1613655090332031,-0.0,-0.0,-1.0,0.0587223045125572,1.0
33.129241943359375,-12.02423095703125,-0.1391365528106689,-0.0,-0.0,-1.0,0.0443817628796764,1.0
31.983322143554688,-11.60813331604004,0.0937161445617675,-0.0,-0.0,-1.0,0.0949281744566728,1.0
32.54341506958008,-10.484087944030762,-0.2043547630310058,0.1388877562083277,-0.3864183199158594,-0.9118064889047568,0.0328546986406766,4.0
32.42102813720703,-10.999388694763184,-0.2007200717926025,-0.0,-0.0,-1.0,0.0634947826430109,2.0
31.796531677246097,-10.950356483459473,-0.0727088451385498,-0.0,-0.0,-1.0,0.1673288482339638,2.0
33.19480514526367,-11.18202018737793,-0.0850670337677002,-0.0,-0.0,-1.0,0.0694615801287742,1.0
33.159706115722656,-11.028401374816896,-0.0485765933990478,-0.0,-0.0,-1.0,0.1252838151802801,1.0
32.94697570800781,-11.330857276916504,-0.0766074657440185,-0.0,-0.0,-1.0,0.0593268254136003,1.0
31.781835556030273,-11.900324821472168,-0.012263536453247,-0.0,-0.0,-1.0,0.1770718470468892,1.0
32.67926025390625,-10.869640350341797,-0.2198035717010498,-0.0,-0.0,-1.0,0.0826496535092778,2.0
32.781028747558594,-10.524946212768556,-0.2257187366485595,-0.5151357162978853,-0.1460721328300599,-0.8445697874093898,0.0128829686891995,4.0
31.971391677856445,-11.1799955368042,-0.09877610206604,-0.0,-0.0,-1.0,0.2190458236986166,2.0
31.94443130493164,-11.001279830932615,-0.0854566097259521,-0.0,-0.0,-1.0,0.1128954761442288,2.0
31.922758102416992,-12.129758834838867,-0.1402809619903564,-0.0,-0.0,-1.0,0.0602455177034612,1.0
31.89454460144043,-11.917688369750977,-0.122596263885498,-0.0,-0.0,-1.0,0.1453707668652696,2.0
31.878496170043945,-12.195322036743164,-0.1360054016113281,-0.0,-0.0,-1.0,0.0507871089120067,2.0
32.72466278076172,-10.634178161621094,-0.2145411968231201,-0.0,-0.0,-1.0,0.0207253667874066,1.0
32.601829528808594,-11.048450469970703,-0.2140619754791259,-0.0,-0.0,-1.0,0.0824956560765202,2.0
32.51763153076172,-10.845693588256836,-0.1876921653747558,-0.4107649432023963,0.1898562844565913,-0.8917548725340783,0.0672255161692189,3.0
31.94610023498535,-11.12266731262207,-0.099534273147583,-0.1727174126349472,0.9553465672587058,-0.2397532727611795,0.209000366802315,5.0
31.96615219116211,-10.779720306396484,-0.1734404563903808,-0.0,-0.0,-1.0,0.0210274538208011,2.0
32.108638763427734,-10.532136917114258,-0.1863291263580322,-0.2852904896915164,0.946683090446523,-0.149667841416234,0.0092520273388129,3.0
31.744739532470703,-10.978504180908203,-0.1448185443878173,-0.0399965378718517,-0.0150418682661533,-0.9990865924219628,0.0901334584041308,5.0
33.706817626953125,-10.426734924316406,-0.1103711128234863,-0.0,-0.0,-1.0,0.0338154935351189,2.0
31.758913040161133,-11.125089645385742,-0.1397831439971923,-0.0,-0.0,-1.0,0.1237390557765557,2.0
32.23045349121094,-11.28685188293457,-0.1900241374969482,-0.7418061044644628,-0.5690381749229143,-0.3548510375631685,0.1502202455998765,4.0
32.5748176574707,-10.870155334472656,-0.2103776931762695,-0.0,-0.0,-1.0,0.0946071968150145,1.0
32.51911926269531,-11.274198532104492,-0.2174150943756103,-0.0,-0.0,-1.0,0.034828329720522,1.0
32.572486877441406,-11.18245792388916,-0.1084458827972412,-0.0,-0.0,-1.0,0.0547565967044493,2.0
32.608787536621094,-11.62695026397705,-0.1292054653167724,-0.0,-0.0,-1.0,0.0214853850863993,1.0
33.037235260009766,-10.95252513885498,-0.1424734592437744,-0.4143896009142118,-0.0474580124215066,-0.9088613732088964,0.1134626775747405,7.0
32.88324737548828,-11.23839282989502,-0.1392290592193603,-0.0,-0.0,-1.0,0.0600911691110864,1.0
31.736019134521484,-11.297106742858888,-0.0369873046875,-0.0,-0.0,-1.0,0.2748189877554693,1.0
32.05818176269531,-11.186373710632324,-0.0616753101348876,-0.0,-0.0,-1.0,0.1316647062397663,1.0
32.447296142578125,-11.174725532531738,-0.0966699123382568,0.8134787896233973,0.5180848409947886,0.2642732607818223,0.0475737292197369,3.0
31.95673561096191,-11.26247787475586,-0.0823421478271484,-0.0,-0.0,-1.0,0.2069770459767504,1.0
32.36061096191406,-11.176876068115234,-0.1144824028015136,-0.490816854470766,0.5691111126624968,-0.6597055076407033,0.1152636086722782,5.0
32.68912887573242,-11.171768188476562,-0.1435592174530029,-0.0,-0.0,-1.0,0.0552585557155381,1.0
32.6842041015625,-11.65951156616211,-0.1640198230743408,-0.0,-0.0,-1.0,0.0339606292094986,1.0
33.07134246826172,-10.977130889892578,-0.1695618629455566,-0.4791870643032154,0.0148791440821699,-0.8775866729137629,0.0569088579243019,6.0
32.98732376098633,-11.227779388427734,-0.1726458072662353,0.4727632911164204,0.0401540636776698,-0.8802741173878399,0.0588092325429274,3.0
32.23326110839844,-10.44813632965088,-0.1905992031097412,-0.0,-0.0,-1.0,0.0158486254258895,1.0
32.144954681396484,-10.863519668579102,-0.1905267238616943,-0.0,-0.0,-1.0,0.015144648664794,1.0
31.7852783203125,-10.591625213623049,-0.1592669486999511,-0.3367619705875574,-0.8173691431021891,-0.4674388292283582,0.0226686817968323,4.0
33.13721466064453,-12.079344749450684,-0.1328449249267578,-0.0,-0.0,-1.0,0.043013442803539,2.0
33.37295913696289,-11.886967658996582,-0.1436243057250976,-0.0,-0.0,-1.0,0.0724994767461992,1.0
33.593753814697266,-11.780217170715332,-0.1620335578918457,-0.2741826991253928,-0.3101193762251557,-0.9103020487673498,0.0195175345778163,3.0
33.17863464355469,-11.931288719177246,-0.1219720840454101,-0.0,-0.0,-1.0,0.0441918429163387,1.0
31.73576545715332,-11.711499214172363,0.0993146896362304,-0.0,-0.0,-1.0,0.1016225992898885,1.0
31.894702911376953,-11.574746131896973,0.0930948257446289,-0.1907445632683441,0.059306644337616,-0.9798465356988204,0.0920181204147036,6.0
32.19449996948242,-11.12386417388916,-0.1440296173095703,0.0325775859472583,0.5605435567262488,-0.8274839103611233,0.160277153206181,3.0
32.43980026245117,-11.019953727722168,-0.1537542343139648,-0.0,-0.0,-1.0,0.0643332330253493,2.0
32.60404586791992,-10.863089561462402,-0.1437411308288574,-0.0,-0.0,-1.0,0.0923662911825835,2.0
32.94701385498047,-10.765686988830566,-0.1676106452941894,-0.0,-0.0,-1.0,0.0457224456291179,2.0
33.08080291748047,-10.64501667022705,-0.1613807678222656,-0.0,-0.0,-1.0,0.0514345379796083,1.0
33.374942779541016,-10.421929359436035,-0.156407356262207,-0.0,-0.0,-1.0,0.0734072799753584,2.0
32.352333068847656,-12.323012351989746,-0.1014637947082519,-0.0,-0.0,-1.0,0.0073363379694966,2.0
33.6428108215332,-11.611960411071776,-0.1742439270019531,-0.0,-0.0,-1.0,0.0155416140183139,2.0
33.59798812866211,-12.069454193115234,-0.1278290748596191,-0.0,-0.0,-1.0,0.0158759469778284,1.0
33.673587799072266,-12.29170036315918,-0.1321854591369629,-0.0,-0.0,-1.0,0.0149722196186866,1.0
33.64242172241211,-11.8023681640625,-0.1496901512145996,-0.0,-0.0,-1.0,0.0186213536234755,1.0
33.2752799987793,-11.04743766784668,-0.1135377883911132,-0.0,-0.0,-1.0,0.0965064618571676,2.0
33.32157516479492,-11.055152893066406,-0.1224160194396972,-0.0,-0.0,-1.0,0.0646019738264393,2.0
33.65678024291992,-11.392694473266602,-0.1726441383361816,0.2733705801560875,-0.908639355746526,0.315662869361701,0.1708396477110116,3.0
33.410797119140625,-10.667284965515137,-0.1596293449401855,-0.0,-0.0,-1.0,0.0521000235564923,2.0
32.2808723449707,-11.282867431640623,0.0967211723327636,-0.0,-0.0,-1.0,0.1078346528805758,1.0
31.959741592407227,-12.25974464416504,-0.0686225891113281,-0.0,-0.0,-1.0,0.0450393860888969,1.0
33.702083587646484,-11.198945999145508,-0.1599326133728027,-0.0,-0.0,-1.0,0.1353315877766254,1.0
33.44377136230469,-10.73122215270996,-0.1618800163269043,-0.0,-0.0,-1.0,0.0317162888447652,1.0
33.564212799072266,-10.52107048034668,-0.2189130783081054,-0.0,-0.0,-1.0,0.0492881670096981,2.0
31.817155838012695,-12.203246116638184,0.0364394187927246,-0.0,-0.0,-1.0,0.0620236185314424,1.0
33.67768096923828,-11.641212463378906,-0.1670050621032714,-0.0,-0.0,-1.0,0.0175992699874478,2.0
33.30811309814453,-11.89507007598877,-0.1432447433471679,0.9873437051669836,0.0865114706756503,0.132921681108344,0.0757163349378393,3.0
33.14983367919922,-12.23440647125244,-0.1596846580505371,-0.0,-0.0,-1.0,0.0738065170361765,1.0
33.08440017700195,-11.54936981201172,-0.1683135032653808,-0.0,-0.0,-1.0,0.0514829070932198,2.0
33.545433044433594,-11.479023933410645,-0.2323908805847168,-0.0,-0.0,-1.0,0.0806955530625918,2.0
31.958152770996097,-11.455968856811523,0.0160131454467773,-0.0,-0.0,-1.0,0.2096713153696002,2.0
32.07659149169922,-11.365485191345217,0.0074071884155273,-0.3484653435101619,0.8018799853371867,0.4853456433182212,0.2331351523285998,3.0
33.688663482666016,-12.19834327697754,-0.1682820320129394,-0.0,-0.0,-1.0,0.0154032642496659,2.0
33.558013916015625,-11.75929832458496,-0.1583952903747558,-0.2741826991253928,-0.3101193762251557,-0.9103020487673498,0.0203829261948402,3.0
33.51275634765625,-11.341363906860352,-0.1653871536254882,-0.0,-0.0,-1.0,0.0902661621460488,1.0
33.55620193481445,-10.949800491333008,-0.1897034645080566,-0.0,-0.0,-1.0,0.0249122404245044,1.0
33.52689743041992,-10.668025970458984,-0.1955995559692382,-0.0,-0.0,-1.0,0.0292592023104533,1.0
33.439998626708984,-10.509963989257812,-0.1850299835205078,-0.0,-0.0,-1.0,0.0445726304686144,1.0
33.407806396484375,-10.374391555786133,-0.1844873428344726,-0.0,-0.0,-1.0,0.0727781093413714,2.0
31.8486328125,-11.222867965698242,-0.0369830131530761,-0.6476490714031001,0.7587650753853062,0.0694711500281415,0.2167729964827403,4.0
31.884273529052734,-11.10228443145752,-0.0382003784179687,-0.0,-0.0,-1.0,0.1211062295697174,1.0
32.363304138183594,-11.051424026489258,-0.108191967010498,-0.0,-0.0,-1.0,0.0997860718588973,1.0
32.528099060058594,-10.705535888671877,-0.1216239929199218,-0.0,-0.0,-1.0,0.0725154047551713,1.0
31.999731063842773,-11.556217193603516,0.0010504722595214,-0.0,-0.0,-1.0,0.1631888200067991,1.0
32.01789474487305,-11.3109130859375,0.0012109279632568,-0.7394875872763264,-0.3435229286899702,-0.5789215022164087,0.244339085411715,4.0
0.0,0.0,0.0,0.0,0.0,0.0,0.0,0.0
0.0,0.0,0.0,0.0,0.0,0.0,0.0,0.0
0.0,0.0,0.0,0.0,0.0,0.0,0.0,0.0
0.0,0.0,0.0,0.0,0.0,0.0,0.0,0.0
0.0,0.0,0.0,0.0,0.0,0.0,0.0,0.0
0.0,0.0,0.0,0.0,0.0,0.0,0.0,0.0
0.0,0.0,0.0,0.0,0.0,0.0,0.0,0.0
0.0,0.0,0.0,0.0,0.0,0.0,0.0,0.0
0.0,0.0,0.0,0.0,0.0,0.0,0.0,0.0
0.0,0.0,0.0,0.0,0.0,0.0,0.0,0.0
0.0,0.0,0.0,0.0,0.0,0.0,0.0,0.0
0.0,0.0,0.0,0.0,0.0,0.0,0.0,0.0
0.0,0.0,0.0,0.0,0.0,0.0,0.0,0.0
0.0,0.0,0.0,0.0,0.0,0.0,0.0,0.0
0.0,0.0,0.0,0.0,0.0,0.0,0.0,0.0
0.0,0.0,0.0,0.0,0.0,0.0,0.0,0.0
0.0,0.0,0.0,0.0,0.0,0.0,0.0,0.0
0.0,0.0,0.0,0.0,0.0,0.0,0.0,0.0
0.0,0.0,0.0,0.0,0.0,0.0,0.0,0.0
0.0,0.0,0.0,0.0,0.0,0.0,0.0,0.0
0.0,0.0,0.0,0.0,0.0,0.0,0.0,0.0
0.0,0.0,0.0,0.0,0.0,0.0,0.0,0.0
0.0,0.0,0.0,0.0,0.0,0.0,0.0,0.0
0.0,0.0,0.0,0.0,0.0,0.0,0.0,0.0
0.0,0.0,0.0,0.0,0.0,0.0,0.0,0.0
0.0,0.0,0.0,0.0,0.0,0.0,0.0,0.0
0.0,0.0,0.0,0.0,0.0,0.0,0.0,0.0
0.0,0.0,0.0,0.0,0.0,0.0,0.0,0.0
0.0,0.0,0.0,0.0,0.0,0.0,0.0,0.0
0.0,0.0,0.0,0.0,0.0,0.0,0.0,0.0
0.0,0.0,0.0,0.0,0.0,0.0,0.0,0.0
0.0,0.0,0.0,0.0,0.0,0.0,0.0,0.0
0.0,0.0,0.0,0.0,0.0,0.0,0.0,0.0
0.0,0.0,0.0,0.0,0.0,0.0,0.0,0.0
0.0,0.0,0.0,0.0,0.0,0.0,0.0,0.0
0.0,0.0,0.0,0.0,0.0,0.0,0.0,0.0
0.0,0.0,0.0,0.0,0.0,0.0,0.0,0.0
0.0,0.0,0.0,0.0,0.0,0.0,0.0,0.0
0.0,0.0,0.0,0.0,0.0,0.0,0.0,0.0
0.0,0.0,0.0,0.0,0.0,0.0,0.0,0.0
0.0,0.0,0.0,0.0,0.0,0.0,0.0,0.0
0.0,0.0,0.0,0.0,0.0,0.0,0.0,0.0
0.0,0.0,0.0,0.0,0.0,0.0,0.0,0.0
0.0,0.0,0.0,0.0,0.0,0.0,0.0,0.0
0.0,0.0,0.0,0.0,0.0,0.0,0.0,0.0
0.0,0.0,0.0,0.0,0.0,0.0,0.0,0.0
0.0,0.0,0.0,0.0,0.0,0.0,0.0,0.0
0.0,0.0,0.0,0.0,0.0,0.0,0.0,0.0
0.0,0.0,0.0,0.0,0.0,0.0,0.0,0.0
0.0,0.0,0.0,0.0,0.0,0.0,0.0,0.0
0.0,0.0,0.0,0.0,0.0,0.0,0.0,0.0
0.0,0.0,0.0,0.0,0.0,0.0,0.0,0.0
0.0,0.0,0.0,0.0,0.0,0.0,0.0,0.0
0.0,0.0,0.0,0.0,0.0,0.0,0.0,0.0
0.0,0.0,0.0,0.0,0.0,0.0,0.0,0.0
0.0,0.0,0.0,0.0,0.0,0.0,0.0,0.0
0.0,0.0,0.0,0.0,0.0,0.0,0.0,0.0
0.0,0.0,0.0,0.0,0.0,0.0,0.0,0.0
0.0,0.0,0.0,0.0,0.0,0.0,0.0,0.0
0.0,0.0,0.0,0.0,0.0,0.0,0.0,0.0
0.0,0.0,0.0,0.0,0.0,0.0,0.0,0.0
0.0,0.0,0.0,0.0,0.0,0.0,0.0,0.0
0.0,0.0,0.0,0.0,0.0,0.0,0.0,0.0
0.0,0.0,0.0,0.0,0.0,0.0,0.0,0.0
0.0,0.0,0.0,0.0,0.0,0.0,0.0,0.0
0.0,0.0,0.0,0.0,0.0,0.0,0.0,0.0
0.0,0.0,0.0,0.0,0.0,0.0,0.0,0.0
0.0,0.0,0.0,0.0,0.0,0.0,0.0,0.0
0.0,0.0,0.0,0.0,0.0,0.0,0.0,0.0
0.0,0.0,0.0,0.0,0.0,0.0,0.0,0.0
0.0,0.0,0.0,0.0,0.0,0.0,0.0,0.0
0.0,0.0,0.0,0.0,0.0,0.0,0.0,0.0
0.0,0.0,0.0,0.0,0.0,0.0,0.0,0.0
0.0,0.0,0.0,0.0,0.0,0.0,0.0,0.0
0.0,0.0,0.0,0.0,0.0,0.0,0.0,0.0
0.0,0.0,0.0,0.0,0.0,0.0,0.0,0.0
0.0,0.0,0.0,0.0,0.0,0.0,0.0,0.0
0.0,0.0,0.0,0.0,0.0,0.0,0.0,0.0
0.0,0.0,0.0,0.0,0.0,0.0,0.0,0.0
0.0,0.0,0.0,0.0,0.0,0.0,0.0,0.0
0.0,0.0,0.0,0.0,0.0,0.0,0.0,0.0
0.0,0.0,0.0,0.0,0.0,0.0,0.0,0.0
0.0,0.0,0.0,0.0,0.0,0.0,0.0,0.0
0.0,0.0,0.0,0.0,0.0,0.0,0.0,0.0
0.0,0.0,0.0,0.0,0.0,0.0,0.0,0.0
0.0,0.0,0.0,0.0,0.0,0.0,0.0,0.0
0.0,0.0,0.0,0.0,0.0,0.0,0.0,0.0
0.0,0.0,0.0,0.0,0.0,0.0,0.0,0.0
0.0,0.0,0.0,0.0,0.0,0.0,0.0,0.0
0.0,0.0,0.0,0.0,0.0,0.0,0.0,0.0
0.0,0.0,0.0,0.0,0.0,0.0,0.0,0.0
0.0,0.0,0.0,0.0,0.0,0.0,0.0,0.0
0.0,0.0,0.0,0.0,0.0,0.0,0.0,0.0
0.0,0.0,0.0,0.0,0.0,0.0,0.0,0.0
0.0,0.0,0.0,0.0,0.0,0.0,0.0,0.0
0.0,0.0,0.0,0.0,0.0,0.0,0.0,0.0
0.0,0.0,0.0,0.0,0.0,0.0,0.0,0.0
0.0,0.0,0.0,0.0,0.0,0.0,0.0,0.0
0.0,0.0,0.0,0.0,0.0,0.0,0.0,0.0
0.0,0.0,0.0,0.0,0.0,0.0,0.0,0.0
0.0,0.0,0.0,0.0,0.0,0.0,0.0,0.0
0.0,0.0,0.0,0.0,0.0,0.0,0.0,0.0
0.0,0.0,0.0,0.0,0.0,0.0,0.0,0.0
0.0,0.0,0.0,0.0,0.0,0.0,0.0,0.0
0.0,0.0,0.0,0.0,0.0,0.0,0.0,0.0
0.0,0.0,0.0,0.0,0.0,0.0,0.0,0.0
0.0,0.0,0.0,0.0,0.0,0.0,0.0,0.0
0.0,0.0,0.0,0.0,0.0,0.0,0.0,0.0
0.0,0.0,0.0,0.0,0.0,0.0,0.0,0.0
0.0,0.0,0.0,0.0,0.0,0.0,0.0,0.0
0.0,0.0,0.0,0.0,0.0,0.0,0.0,0.0
0.0,0.0,0.0,0.0,0.0,0.0,0.0,0.0
0.0,0.0,0.0,0.0,0.0,0.0,0.0,0.0
0.0,0.0,0.0,0.0,0.0,0.0,0.0,0.0
0.0,0.0,0.0,0.0,0.0,0.0,0.0,0.0
0.0,0.0,0.0,0.0,0.0,0.0,0.0,0.0
0.0,0.0,0.0,0.0,0.0,0.0,0.0,0.0
0.0,0.0,0.0,0.0,0.0,0.0,0.0,0.0
0.0,0.0,0.0,0.0,0.0,0.0,0.0,0.0
0.0,0.0,0.0,0.0,0.0,0.0,0.0,0.0
0.0,0.0,0.0,0.0,0.0,0.0,0.0,0.0
0.0,0.0,0.0,0.0,0.0,0.0,0.0,0.0
0.0,0.0,0.0,0.0,0.0,0.0,0.0,0.0
0.0,0.0,0.0,0.0,0.0,0.0,0.0,0.0
0.0,0.0,0.0,0.0,0.0,0.0,0.0,0.0
0.0,0.0,0.0,0.0,0.0,0.0,0.0,0.0
0.0,0.0,0.0,0.0,0.0,0.0,0.0,0.0
0.0,0.0,0.0,0.0,0.0,0.0,0.0,0.0
0.0,0.0,0.0,0.0,0.0,0.0,0.0,0.0
0.0,0.0,0.0,0.0,0.0,0.0,0.0,0.0
0.0,0.0,0.0,0.0,0.0,0.0,0.0,0.0
0.0,0.0,0.0,0.0,0.0,0.0,0.0,0.0
0.0,0.0,0.0,0.0,0.0,0.0,0.0,0.0
0.0,0.0,0.0,0.0,0.0,0.0,0.0,0.0
0.0,0.0,0.0,0.0,0.0,0.0,0.0,0.0
0.0,0.0,0.0,0.0,0.0,0.0,0.0,0.0
0.0,0.0,0.0,0.0,0.0,0.0,0.0,0.0
0.0,0.0,0.0,0.0,0.0,0.0,0.0,0.0
0.0,0.0,0.0,0.0,0.0,0.0,0.0,0.0
0.0,0.0,0.0,0.0,0.0,0.0,0.0,0.0
0.0,0.0,0.0,0.0,0.0,0.0,0.0,0.0
0.0,0.0,0.0,0.0,0.0,0.0,0.0,0.0
0.0,0.0,0.0,0.0,0.0,0.0,0.0,0.0
0.0,0.0,0.0,0.0,0.0,0.0,0.0,0.0
0.0,0.0,0.0,0.0,0.0,0.0,0.0,0.0
0.0,0.0,0.0,0.0,0.0,0.0,0.0,0.0
0.0,0.0,0.0,0.0,0.0,0.0,0.0,0.0
0.0,0.0,0.0,0.0,0.0,0.0,0.0,0.0
0.0,0.0,0.0,0.0,0.0,0.0,0.0,0.0
0.0,0.0,0.0,0.0,0.0,0.0,0.0,0.0
0.0,0.0,0.0,0.0,0.0,0.0,0.0,0.0
0.0,0.0,0.0,0.0,0.0,0.0,0.0,0.0
0.0,0.0,0.0,0.0,0.0,0.0,0.0,0.0
0.0,0.0,0.0,0.0,0.0,0.0,0.0,0.0
0.0,0.0,0.0,0.0,0.0,0.0,0.0,0.0
0.0,0.0,0.0,0.0,0.0,0.0,0.0,0.0
0.0,0.0,0.0,0.0,0.0,0.0,0.0,0.0
0.0,0.0,0.0,0.0,0.0,0.0,0.0,0.0
0.0,0.0,0.0,0.0,0.0,0.0,0.0,0.0
0.0,0.0,0.0,0.0,0.0,0.0,0.0,0.0
0.0,0.0,0.0,0.0,0.0,0.0,0.0,0.0
0.0,0.0,0.0,0.0,0.0,0.0,0.0,0.0
0.0,0.0,0.0,0.0,0.0,0.0,0.0,0.0
0.0,0.0,0.0,0.0,0.0,0.0,0.0,0.0
0.0,0.0,0.0,0.0,0.0,0.0,0.0,0.0
0.0,0.0,0.0,0.0,0.0,0.0,0.0,0.0
0.0,0.0,0.0,0.0,0.0,0.0,0.0,0.0
0.0,0.0,0.0,0.0,0.0,0.0,0.0,0.0
0.0,0.0,0.0,0.0,0.0,0.0,0.0,0.0
0.0,0.0,0.0,0.0,0.0,0.0,0.0,0.0
0.0,0.0,0.0,0.0,0.0,0.0,0.0,0.0
0.0,0.0,0.0,0.0,0.0,0.0,0.0,0.0
0.0,0.0,0.0,0.0,0.0,0.0,0.0,0.0
0.0,0.0,0.0,0.0,0.0,0.0,0.0,0.0
0.0,0.0,0.0,0.0,0.0,0.0,0.0,0.0
0.0,0.0,0.0,0.0,0.0,0.0,0.0,0.0
0.0,0.0,0.0,0.0,0.0,0.0,0.0,0.0
0.0,0.0,0.0,0.0,0.0,0.0,0.0,0.0
0.0,0.0,0.0,0.0,0.0,0.0,0.0,0.0
0.0,0.0,0.0,0.0,0.0,0.0,0.0,0.0
0.0,0.0,0.0,0.0,0.0,0.0,0.0,0.0
0.0,0.0,0.0,0.0,0.0,0.0,0.0,0.0
0.0,0.0,0.0,0.0,0.0,0.0,0.0,0.0
0.0,0.0,0.0,0.0,0.0,0.0,0.0,0.0
0.0,0.0,0.0,0.0,0.0,0.0,0.0,0.0
0.0,0.0,0.0,0.0,0.0,0.0,0.0,0.0
0.0,0.0,0.0,0.0,0.0,0.0,0.0,0.0
0.0,0.0,0.0,0.0,0.0,0.0,0.0,0.0
0.0,0.0,0.0,0.0,0.0,0.0,0.0,0.0
0.0,0.0,0.0,0.0,0.0,0.0,0.0,0.0
0.0,0.0,0.0,0.0,0.0,0.0,0.0,0.0
0.0,0.0,0.0,0.0,0.0,0.0,0.0,0.0
0.0,0.0,0.0,0.0,0.0,0.0,0.0,0.0
0.0,0.0,0.0,0.0,0.0,0.0,0.0,0.0
0.0,0.0,0.0,0.0,0.0,0.0,0.0,0.0
0.0,0.0,0.0,0.0,0.0,0.0,0.0,0.0
0.0,0.0,0.0,0.0,0.0,0.0,0.0,0.0
0.0,0.0,0.0,0.0,0.0,0.0,0.0,0.0
0.0,0.0,0.0,0.0,0.0,0.0,0.0,0.0
0.0,0.0,0.0,0.0,0.0,0.0,0.0,0.0
0.0,0.0,0.0,0.0,0.0,0.0,0.0,0.0
0.0,0.0,0.0,0.0,0.0,0.0,0.0,0.0
0.0,0.0,0.0,0.0,0.0,0.0,0.0,0.0
0.0,0.0,0.0,0.0,0.0,0.0,0.0,0.0
0.0,0.0,0.0,0.0,0.0,0.0,0.0,0.0
0.0,0.0,0.0,0.0,0.0,0.0,0.0,0.0
0.0,0.0,0.0,0.0,0.0,0.0,0.0,0.0
0.0,0.0,0.0,0.0,0.0,0.0,0.0,0.0
0.0,0.0,0.0,0.0,0.0,0.0,0.0,0.0
0.0,0.0,0.0,0.0,0.0,0.0,0.0,0.0
0.0,0.0,0.0,0.0,0.0,0.0,0.0,0.0
0.0,0.0,0.0,0.0,0.0,0.0,0.0,0.0
0.0,0.0,0.0,0.0,0.0,0.0,0.0,0.0
0.0,0.0,0.0,0.0,0.0,0.0,0.0,0.0
0.0,0.0,0.0,0.0,0.0,0.0,0.0,0.0
0.0,0.0,0.0,0.0,0.0,0.0,0.0,0.0
0.0,0.0,0.0,0.0,0.0,0.0,0.0,0.0
0.0,0.0,0.0,0.0,0.0,0.0,0.0,0.0
0.0,0.0,0.0,0.0,0.0,0.0,0.0,0.0
0.0,0.0,0.0,0.0,0.0,0.0,0.0,0.0
0.0,0.0,0.0,0.0,0.0,0.0,0.0,0.0
0.0,0.0,0.0,0.0,0.0,0.0,0.0,0.0
0.0,0.0,0.0,0.0,0.0,0.0,0.0,0.0
0.0,0.0,0.0,0.0,0.0,0.0,0.0,0.0
0.0,0.0,0.0,0.0,0.0,0.0,0.0,0.0
0.0,0.0,0.0,0.0,0.0,0.0,0.0,0.0
0.0,0.0,0.0,0.0,0.0,0.0,0.0,0.0
0.0,0.0,0.0,0.0,0.0,0.0,0.0,0.0
0.0,0.0,0.0,0.0,0.0,0.0,0.0,0.0
0.0,0.0,0.0,0.0,0.0,0.0,0.0,0.0
0.0,0.0,0.0,0.0,0.0,0.0,0.0,0.0
0.0,0.0,0.0,0.0,0.0,0.0,0.0,0.0
0.0,0.0,0.0,0.0,0.0,0.0,0.0,0.0
0.0,0.0,0.0,0.0,0.0,0.0,0.0,0.0
0.0,0.0,0.0,0.0,0.0,0.0,0.0,0.0
0.0,0.0,0.0,0.0,0.0,0.0,0.0,0.0
0.0,0.0,0.0,0.0,0.0,0.0,0.0,0.0
0.0,0.0,0.0,0.0,0.0,0.0,0.0,0.0
0.0,0.0,0.0,0.0,0.0,0.0,0.0,0.0
0.0,0.0,0.0,0.0,0.0,0.0,0.0,0.0
0.0,0.0,0.0,0.0,0.0,0.0,0.0,0.0
0.0,0.0,0.0,0.0,0.0,0.0,0.0,0.0
0.0,0.0,0.0,0.0,0.0,0.0,0.0,0.0
0.0,0.0,0.0,0.0,0.0,0.0,0.0,0.0
0.0,0.0,0.0,0.0,0.0,0.0,0.0,0.0
0.0,0.0,0.0,0.0,0.0,0.0,0.0,0.0
0.0,0.0,0.0,0.0,0.0,0.0,0.0,0.0
0.0,0.0,0.0,0.0,0.0,0.0,0.0,0.0
0.0,0.0,0.0,0.0,0.0,0.0,0.0,0.0
0.0,0.0,0.0,0.0,0.0,0.0,0.0,0.0
0.0,0.0,0.0,0.0,0.0,0.0,0.0,0.0
0.0,0.0,0.0,0.0,0.0,0.0,0.0,0.0
0.0,0.0,0.0,0.0,0.0,0.0,0.0,0.0
0.0,0.0,0.0,0.0,0.0,0.0,0.0,0.0
0.0,0.0,0.0,0.0,0.0,0.0,0.0,0.0
0.0,0.0,0.0,0.0,0.0,0.0,0.0,0.0
0.0,0.0,0.0,0.0,0.0,0.0,0.0,0.0
0.0,0.0,0.0,0.0,0.0,0.0,0.0,0.0
0.0,0.0,0.0,0.0,0.0,0.0,0.0,0.0
0.0,0.0,0.0,0.0,0.0,0.0,0.0,0.0
0.0,0.0,0.0,0.0,0.0,0.0,0.0,0.0
0.0,0.0,0.0,0.0,0.0,0.0,0.0,0.0
0.0,0.0,0.0,0.0,0.0,0.0,0.0,0.0
0.0,0.0,0.0,0.0,0.0,0.0,0.0,0.0
0.0,0.0,0.0,0.0,0.0,0.0,0.0,0.0
0.0,0.0,0.0,0.0,0.0,0.0,0.0,0.0
0.0,0.0,0.0,0.0,0.0,0.0,0.0,0.0
0.0,0.0,0.0,0.0,0.0,0.0,0.0,0.0
0.0,0.0,0.0,0.0,0.0,0.0,0.0,0.0
0.0,0.0,0.0,0.0,0.0,0.0,0.0,0.0
0.0,0.0,0.0,0.0,0.0,0.0,0.0,0.0
0.0,0.0,0.0,0.0,0.0,0.0,0.0,0.0
0.0,0.0,0.0,0.0,0.0,0.0,0.0,0.0
0.0,0.0,0.0,0.0,0.0,0.0,0.0,0.0
0.0,0.0,0.0,0.0,0.0,0.0,0.0,0.0
0.0,0.0,0.0,0.0,0.0,0.0,0.0,0.0
0.0,0.0,0.0,0.0,0.0,0.0,0.0,0.0
0.0,0.0,0.0,0.0,0.0,0.0,0.0,0.0
0.0,0.0,0.0,0.0,0.0,0.0,0.0,0.0
0.0,0.0,0.0,0.0,0.0,0.0,0.0,0.0
0.0,0.0,0.0,0.0,0.0,0.0,0.0,0.0
0.0,0.0,0.0,0.0,0.0,0.0,0.0,0.0
0.0,0.0,0.0,0.0,0.0,0.0,0.0,0.0
0.0,0.0,0.0,0.0,0.0,0.0,0.0,0.0
0.0,0.0,0.0,0.0,0.0,0.0,0.0,0.0
0.0,0.0,0.0,0.0,0.0,0.0,0.0,0.0
0.0,0.0,0.0,0.0,0.0,0.0,0.0,0.0
0.0,0.0,0.0,0.0,0.0,0.0,0.0,0.0
0.0,0.0,0.0,0.0,0.0,0.0,0.0,0.0
0.0,0.0,0.0,0.0,0.0,0.0,0.0,0.0
0.0,0.0,0.0,0.0,0.0,0.0,0.0,0.0
0.0,0.0,0.0,0.0,0.0,0.0,0.0,0.0
0.0,0.0,0.0,0.0,0.0,0.0,0.0,0.0
0.0,0.0,0.0,0.0,0.0,0.0,0.0,0.0
0.0,0.0,0.0,0.0,0.0,0.0,0.0,0.0
0.0,0.0,0.0,0.0,0.0,0.0,0.0,0.0
0.0,0.0,0.0,0.0,0.0,0.0,0.0,0.0
0.0,0.0,0.0,0.0,0.0,0.0,0.0,0.0
0.0,0.0,0.0,0.0,0.0,0.0,0.0,0.0
0.0,0.0,0.0,0.0,0.0,0.0,0.0,0.0
0.0,0.0,0.0,0.0,0.0,0.0,0.0,0.0
0.0,0.0,0.0,0.0,0.0,0.0,0.0,0.0
0.0,0.0,0.0,0.0,0.0,0.0,0.0,0.0
0.0,0.0,0.0,0.0,0.0,0.0,0.0,0.0
0.0,0.0,0.0,0.0,0.0,0.0,0.0,0.0
0.0,0.0,0.0,0.0,0.0,0.0,0.0,0.0
0.0,0.0,0.0,0.0,0.0,0.0,0.0,0.0
0.0,0.0,0.0,0.0,0.0,0.0,0.0,0.0
0.0,0.0,0.0,0.0,0.0,0.0,0.0,0.0
0.0,0.0,0.0,0.0,0.0,0.0,0.0,0.0
0.0,0.0,0.0,0.0,0.0,0.0,0.0,0.0
0.0,0.0,0.0,0.0,0.0,0.0,0.0,0.0
0.0,0.0,0.0,0.0,0.0,0.0,0.0,0.0
0.0,0.0,0.0,0.0,0.0,0.0,0.0,0.0
0.0,0.0,0.0,0.0,0.0,0.0,0.0,0.0
0.0,0.0,0.0,0.0,0.0,0.0,0.0,0.0
0.0,0.0,0.0,0.0,0.0,0.0,0.0,0.0
0.0,0.0,0.0,0.0,0.0,0.0,0.0,0.0
0.0,0.0,0.0,0.0,0.0,0.0,0.0,0.0
0.0,0.0,0.0,0.0,0.0,0.0,0.0,0.0
0.0,0.0,0.0,0.0,0.0,0.0,0.0,0.0
0.0,0.0,0.0,0.0,0.0,0.0,0.0,0.0
0.0,0.0,0.0,0.0,0.0,0.0,0.0,0.0
0.0,0.0,0.0,0.0,0.0,0.0,0.0,0.0
0.0,0.0,0.0,0.0,0.0,0.0,0.0,0.0
0.0,0.0,0.0,0.0,0.0,0.0,0.0,0.0
0.0,0.0,0.0,0.0,0.0,0.0,0.0,0.0
0.0,0.0,0.0,0.0,0.0,0.0,0.0,0.0
0.0,0.0,0.0,0.0,0.0,0.0,0.0,0.0
0.0,0.0,0.0,0.0,0.0,0.0,0.0,0.0
0.0,0.0,0.0,0.0,0.0,0.0,0.0,0.0
0.0,0.0,0.0,0.0,0.0,0.0,0.0,0.0
0.0,0.0,0.0,0.0,0.0,0.0,0.0,0.0
0.0,0.0,0.0,0.0,0.0,0.0,0.0,0.0
0.0,0.0,0.0,0.0,0.0,0.0,0.0,0.0
0.0,0.0,0.0,0.0,0.0,0.0,0.0,0.0
0.0,0.0,0.0,0.0,0.0,0.0,0.0,0.0
0.0,0.0,0.0,0.0,0.0,0.0,0.0,0.0
0.0,0.0,0.0,0.0,0.0,0.0,0.0,0.0
0.0,0.0,0.0,0.0,0.0,0.0,0.0,0.0
0.0,0.0,0.0,0.0,0.0,0.0,0.0,0.0
0.0,0.0,0.0,0.0,0.0,0.0,0.0,0.0
0.0,0.0,0.0,0.0,0.0,0.0,0.0,0.0
0.0,0.0,0.0,0.0,0.0,0.0,0.0,0.0
0.0,0.0,0.0,0.0,0.0,0.0,0.0,0.0
0.0,0.0,0.0,0.0,0.0,0.0,0.0,0.0
0.0,0.0,0.0,0.0,0.0,0.0,0.0,0.0
0.0,0.0,0.0,0.0,0.0,0.0,0.0,0.0
0.0,0.0,0.0,0.0,0.0,0.0,0.0,0.0
0.0,0.0,0.0,0.0,0.0,0.0,0.0,0.0
0.0,0.0,0.0,0.0,0.0,0.0,0.0,0.0
0.0,0.0,0.0,0.0,0.0,0.0,0.0,0.0
0.0,0.0,0.0,0.0,0.0,0.0,0.0,0.0
0.0,0.0,0.0,0.0,0.0,0.0,0.0,0.0
0.0,0.0,0.0,0.0,0.0,0.0,0.0,0.0
0.0,0.0,0.0,0.0,0.0,0.0,0.0,0.0
0.0,0.0,0.0,0.0,0.0,0.0,0.0,0.0
0.0,0.0,0.0,0.0,0.0,0.0,0.0,0.0
0.0,0.0,0.0,0.0,0.0,0.0,0.0,0.0
0.0,0.0,0.0,0.0,0.0,0.0,0.0,0.0
0.0,0.0,0.0,0.0,0.0,0.0,0.0,0.0
0.0,0.0,0.0,0.0,0.0,0.0,0.0,0.0
0.0,0.0,0.0,0.0,0.0,0.0,0.0,0.0
0.0,0.0,0.0,0.0,0.0,0.0,0.0,0.0
0.0,0.0,0.0,0.0,0.0,0.0,0.0,0.0
0.0,0.0,0.0,0.0,0.0,0.0,0.0,0.0
0.0,0.0,0.0,0.0,0.0,0.0,0.0,0.0
0.0,0.0,0.0,0.0,0.0,0.0,0.0,0.0
0.0,0.0,0.0,0.0,0.0,0.0,0.0,0.0
0.0,0.0,0.0,0.0,0.0,0.0,0.0,0.0
0.0,0.0,0.0,0.0,0.0,0.0,0.0,0.0
0.0,0.0,0.0,0.0,0.0,0.0,0.0,0.0
0.0,0.0,0.0,0.0,0.0,0.0,0.0,0.0
0.0,0.0,0.0,0.0,0.0,0.0,0.0,0.0
0.0,0.0,0.0,0.0,0.0,0.0,0.0,0.0
0.0,0.0,0.0,0.0,0.0,0.0,0.0,0.0
0.0,0.0,0.0,0.0,0.0,0.0,0.0,0.0
0.0,0.0,0.0,0.0,0.0,0.0,0.0,0.0
0.0,0.0,0.0,0.0,0.0,0.0,0.0,0.0
0.0,0.0,0.0,0.0,0.0,0.0,0.0,0.0
0.0,0.0,0.0,0.0,0.0,0.0,0.0,0.0
0.0,0.0,0.0,0.0,0.0,0.0,0.0,0.0
0.0,0.0,0.0,0.0,0.0,0.0,0.0,0.0
0.0,0.0,0.0,0.0,0.0,0.0,0.0,0.0
0.0,0.0,0.0,0.0,0.0,0.0,0.0,0.0
0.0,0.0,0.0,0.0,0.0,0.0,0.0,0.0
0.0,0.0,0.0,0.0,0.0,0.0,0.0,0.0
0.0,0.0,0.0,0.0,0.0,0.0,0.0,0.0
0.0,0.0,0.0,0.0,0.0,0.0,0.0,0.0
0.0,0.0,0.0,0.0,0.0,0.0,0.0,0.0
0.0,0.0,0.0,0.0,0.0,0.0,0.0,0.0
0.0,0.0,0.0,0.0,0.0,0.0,0.0,0.0
0.0,0.0,0.0,0.0,0.0,0.0,0.0,0.0
0.0,0.0,0.0,0.0,0.0,0.0,0.0,0.0
0.0,0.0,0.0,0.0,0.0,0.0,0.0,0.0
0.0,0.0,0.0,0.0,0.0,0.0,0.0,0.0
0.0,0.0,0.0,0.0,0.0,0.0,0.0,0.0
0.0,0.0,0.0,0.0,0.0,0.0,0.0,0.0
0.0,0.0,0.0,0.0,0.0,0.0,0.0,0.0
0.0,0.0,0.0,0.0,0.0,0.0,0.0,0.0
0.0,0.0,0.0,0.0,0.0,0.0,0.0,0.0
0.0,0.0,0.0,0.0,0.0,0.0,0.0,0.0
0.0,0.0,0.0,0.0,0.0,0.0,0.0,0.0
0.0,0.0,0.0,0.0,0.0,0.0,0.0,0.0
0.0,0.0,0.0,0.0,0.0,0.0,0.0,0.0
0.0,0.0,0.0,0.0,0.0,0.0,0.0,0.0
0.0,0.0,0.0,0.0,0.0,0.0,0.0,0.0
0.0,0.0,0.0,0.0,0.0,0.0,0.0,0.0
0.0,0.0,0.0,0.0,0.0,0.0,0.0,0.0
0.0,0.0,0.0,0.0,0.0,0.0,0.0,0.0
0.0,0.0,0.0,0.0,0.0,0.0,0.0,0.0
0.0,0.0,0.0,0.0,0.0,0.0,0.0,0.0
0.0,0.0,0.0,0.0,0.0,0.0,0.0,0.0
0.0,0.0,0.0,0.0,0.0,0.0,0.0,0.0
0.0,0.0,0.0,0.0,0.0,0.0,0.0,0.0
0.0,0.0,0.0,0.0,0.0,0.0,0.0,0.0
0.0,0.0,0.0,0.0,0.0,0.0,0.0,0.0
0.0,0.0,0.0,0.0,0.0,0.0,0.0,0.0
0.0,0.0,0.0,0.0,0.0,0.0,0.0,0.0
0.0,0.0,0.0,0.0,0.0,0.0,0.0,0.0
0.0,0.0,0.0,0.0,0.0,0.0,0.0,0.0
0.0,0.0,0.0,0.0,0.0,0.0,0.0,0.0
0.0,0.0,0.0,0.0,0.0,0.0,0.0,0.0
0.0,0.0,0.0,0.0,0.0,0.0,0.0,0.0
0.0,0.0,0.0,0.0,0.0,0.0,0.0,0.0
0.0,0.0,0.0,0.0,0.0,0.0,0.0,0.0
0.0,0.0,0.0,0.0,0.0,0.0,0.0,0.0
0.0,0.0,0.0,0.0,0.0,0.0,0.0,0.0
0.0,0.0,0.0,0.0,0.0,0.0,0.0,0.0
0.0,0.0,0.0,0.0,0.0,0.0,0.0,0.0
0.0,0.0,0.0,0.0,0.0,0.0,0.0,0.0
0.0,0.0,0.0,0.0,0.0,0.0,0.0,0.0
0.0,0.0,0.0,0.0,0.0,0.0,0.0,0.0
0.0,0.0,0.0,0.0,0.0,0.0,0.0,0.0
0.0,0.0,0.0,0.0,0.0,0.0,0.0,0.0
0.0,0.0,0.0,0.0,0.0,0.0,0.0,0.0
0.0,0.0,0.0,0.0,0.0,0.0,0.0,0.0
0.0,0.0,0.0,0.0,0.0,0.0,0.0,0.0
0.0,0.0,0.0,0.0,0.0,0.0,0.0,0.0
0.0,0.0,0.0,0.0,0.0,0.0,0.0,0.0
0.0,0.0,0.0,0.0,0.0,0.0,0.0,0.0
0.0,0.0,0.0,0.0,0.0,0.0,0.0,0.0
0.0,0.0,0.0,0.0,0.0,0.0,0.0,0.0
0.0,0.0,0.0,0.0,0.0,0.0,0.0,0.0
0.0,0.0,0.0,0.0,0.0,0.0,0.0,0.0
0.0,0.0,0.0,0.0,0.0,0.0,0.0,0.0
0.0,0.0,0.0,0.0,0.0,0.0,0.0,0.0
0.0,0.0,0.0,0.0,0.0,0.0,0.0,0.0
0.0,0.0,0.0,0.0,0.0,0.0,0.0,0.0
0.0,0.0,0.0,0.0,0.0,0.0,0.0,0.0
0.0,0.0,0.0,0.0,0.0,0.0,0.0,0.0
0.0,0.0,0.0,0.0,0.0,0.0,0.0,0.0
0.0,0.0,0.0,0.0,0.0,0.0,0.0,0.0
0.0,0.0,0.0,0.0,0.0,0.0,0.0,0.0
0.0,0.0,0.0,0.0,0.0,0.0,0.0,0.0
0.0,0.0,0.0,0.0,0.0,0.0,0.0,0.0
0.0,0.0,0.0,0.0,0.0,0.0,0.0,0.0
0.0,0.0,0.0,0.0,0.0,0.0,0.0,0.0
0.0,0.0,0.0,0.0,0.0,0.0,0.0,0.0
0.0,0.0,0.0,0.0,0.0,0.0,0.0,0.0
0.0,0.0,0.0,0.0,0.0,0.0,0.0,0.0
0.0,0.0,0.0,0.0,0.0,0.0,0.0,0.0
0.0,0.0,0.0,0.0,0.0,0.0,0.0,0.0
0.0,0.0,0.0,0.0,0.0,0.0,0.0,0.0
0.0,0.0,0.0,0.0,0.0,0.0,0.0,0.0
0.0,0.0,0.0,0.0,0.0,0.0,0.0,0.0
0.0,0.0,0.0,0.0,0.0,0.0,0.0,0.0
0.0,0.0,0.0,0.0,0.0,0.0,0.0,0.0
0.0,0.0,0.0,0.0,0.0,0.0,0.0,0.0
0.0,0.0,0.0,0.0,0.0,0.0,0.0,0.0
0.0,0.0,0.0,0.0,0.0,0.0,0.0,0.0
0.0,0.0,0.0,0.0,0.0,0.0,0.0,0.0
0.0,0.0,0.0,0.0,0.0,0.0,0.0,0.0
0.0,0.0,0.0,0.0,0.0,0.0,0.0,0.0
0.0,0.0,0.0,0.0,0.0,0.0,0.0,0.0
0.0,0.0,0.0,0.0,0.0,0.0,0.0,0.0
0.0,0.0,0.0,0.0,0.0,0.0,0.0,0.0
0.0,0.0,0.0,0.0,0.0,0.0,0.0,0.0
0.0,0.0,0.0,0.0,0.0,0.0,0.0,0.0
0.0,0.0,0.0,0.0,0.0,0.0,0.0,0.0
0.0,0.0,0.0,0.0,0.0,0.0,0.0,0.0
0.0,0.0,0.0,0.0,0.0,0.0,0.0,0.0
0.0,0.0,0.0,0.0,0.0,0.0,0.0,0.0
0.0,0.0,0.0,0.0,0.0,0.0,0.0,0.0
0.0,0.0,0.0,0.0,0.0,0.0,0.0,0.0
0.0,0.0,0.0,0.0,0.0,0.0,0.0,0.0
0.0,0.0,0.0,0.0,0.0,0.0,0.0,0.0
0.0,0.0,0.0,0.0,0.0,0.0,0.0,0.0
0.0,0.0,0.0,0.0,0.0,0.0,0.0,0.0
0.0,0.0,0.0,0.0,0.0,0.0,0.0,0.0
0.0,0.0,0.0,0.0,0.0,0.0,0.0,0.0
0.0,0.0,0.0,0.0,0.0,0.0,0.0,0.0
0.0,0.0,0.0,0.0,0.0,0.0,0.0,0.0
0.0,0.0,0.0,0.0,0.0,0.0,0.0,0.0
0.0,0.0,0.0,0.0,0.0,0.0,0.0,0.0
0.0,0.0,0.0,0.0,0.0,0.0,0.0,0.0
0.0,0.0,0.0,0.0,0.0,0.0,0.0,0.0
0.0,0.0,0.0,0.0,0.0,0.0,0.0,0.0
0.0,0.0,0.0,0.0,0.0,0.0,0.0,0.0
0.0,0.0,0.0,0.0,0.0,0.0,0.0,0.0
0.0,0.0,0.0,0.0,0.0,0.0,0.0,0.0
0.0,0.0,0.0,0.0,0.0,0.0,0.0,0.0
0.0,0.0,0.0,0.0,0.0,0.0,0.0,0.0
0.0,0.0,0.0,0.0,0.0,0.0,0.0,0.0
0.0,0.0,0.0,0.0,0.0,0.0,0.0,0.0
0.0,0.0,0.0,0.0,0.0,0.0,0.0,0.0
0.0,0.0,0.0,0.0,0.0,0.0,0.0,0.0
0.0,0.0,0.0,0.0,0.0,0.0,0.0,0.0
0.0,0.0,0.0,0.0,0.0,0.0,0.0,0.0
0.0,0.0,0.0,0.0,0.0,0.0,0.0,0.0
0.0,0.0,0.0,0.0,0.0,0.0,0.0,0.0
0.0,0.0,0.0,0.0,0.0,0.0,0.0,0.0
0.0,0.0,0.0,0.0,0.0,0.0,0.0,0.0
0.0,0.0,0.0,0.0,0.0,0.0,0.0,0.0
0.0,0.0,0.0,0.0,0.0,0.0,0.0,0.0
0.0,0.0,0.0,0.0,0.0,0.0,0.0,0.0
0.0,0.0,0.0,0.0,0.0,0.0,0.0,0.0
0.0,0.0,0.0,0.0,0.0,0.0,0.0,0.0
0.0,0.0,0.0,0.0,0.0,0.0,0.0,0.0
0.0,0.0,0.0,0.0,0.0,0.0,0.0,0.0
0.0,0.0,0.0,0.0,0.0,0.0,0.0,0.0
0.0,0.0,0.0,0.0,0.0,0.0,0.0,0.0
0.0,0.0,0.0,0.0,0.0,0.0,0.0,0.0
0.0,0.0,0.0,0.0,0.0,0.0,0.0,0.0
0.0,0.0,0.0,0.0,0.0,0.0,0.0,0.0
0.0,0.0,0.0,0.0,0.0,0.0,0.0,0.0
0.0,0.0,0.0,0.0,0.0,0.0,0.0,0.0
0.0,0.0,0.0,0.0,0.0,0.0,0.0,0.0
0.0,0.0,0.0,0.0,0.0,0.0,0.0,0.0
0.0,0.0,0.0,0.0,0.0,0.0,0.0,0.0
0.0,0.0,0.0,0.0,0.0,0.0,0.0,0.0
0.0,0.0,0.0,0.0,0.0,0.0,0.0,0.0
0.0,0.0,0.0,0.0,0.0,0.0,0.0,0.0
0.0,0.0,0.0,0.0,0.0,0.0,0.0,0.0
0.0,0.0,0.0,0.0,0.0,0.0,0.0,0.0
0.0,0.0,0.0,0.0,0.0,0.0,0.0,0.0
0.0,0.0,0.0,0.0,0.0,0.0,0.0,0.0
0.0,0.0,0.0,0.0,0.0,0.0,0.0,0.0
0.0,0.0,0.0,0.0,0.0,0.0,0.0,0.0
0.0,0.0,0.0,0.0,0.0,0.0,0.0,0.0
0.0,0.0,0.0,0.0,0.0,0.0,0.0,0.0
0.0,0.0,0.0,0.0,0.0,0.0,0.0,0.0
0.0,0.0,0.0,0.0,0.0,0.0,0.0,0.0
0.0,0.0,0.0,0.0,0.0,0.0,0.0,0.0
0.0,0.0,0.0,0.0,0.0,0.0,0.0,0.0
0.0,0.0,0.0,0.0,0.0,0.0,0.0,0.0
0.0,0.0,0.0,0.0,0.0,0.0,0.0,0.0
0.0,0.0,0.0,0.0,0.0,0.0,0.0,0.0
0.0,0.0,0.0,0.0,0.0,0.0,0.0,0.0
0.0,0.0,0.0,0.0,0.0,0.0,0.0,0.0
0.0,0.0,0.0,0.0,0.0,0.0,0.0,0.0
0.0,0.0,0.0,0.0,0.0,0.0,0.0,0.0
0.0,0.0,0.0,0.0,0.0,0.0,0.0,0.0
0.0,0.0,0.0,0.0,0.0,0.0,0.0,0.0
0.0,0.0,0.0,0.0,0.0,0.0,0.0,0.0
0.0,0.0,0.0,0.0,0.0,0.0,0.0,0.0
0.0,0.0,0.0,0.0,0.0,0.0,0.0,0.0
0.0,0.0,0.0,0.0,0.0,0.0,0.0,0.0
0.0,0.0,0.0,0.0,0.0,0.0,0.0,0.0
0.0,0.0,0.0,0.0,0.0,0.0,0.0,0.0
0.0,0.0,0.0,0.0,0.0,0.0,0.0,0.0
0.0,0.0,0.0,0.0,0.0,0.0,0.0,0.0
0.0,0.0,0.0,0.0,0.0,0.0,0.0,0.0
0.0,0.0,0.0,0.0,0.0,0.0,0.0,0.0
0.0,0.0,0.0,0.0,0.0,0.0,0.0,0.0
0.0,0.0,0.0,0.0,0.0,0.0,0.0,0.0
0.0,0.0,0.0,0.0,0.0,0.0,0.0,0.0
0.0,0.0,0.0,0.0,0.0,0.0,0.0,0.0
0.0,0.0,0.0,0.0,0.0,0.0,0.0,0.0
0.0,0.0,0.0,0.0,0.0,0.0,0.0,0.0
0.0,0.0,0.0,0.0,0.0,0.0,0.0,0.0
0.0,0.0,0.0,0.0,0.0,0.0,0.0,0.0
0.0,0.0,0.0,0.0,0.0,0.0,0.0,0.0
0.0,0.0,0.0,0.0,0.0,0.0,0.0,0.0
0.0,0.0,0.0,0.0,0.0,0.0,0.0,0.0
0.0,0.0,0.0,0.0,0.0,0.0,0.0,0.0
0.0,0.0,0.0,0.0,0.0,0.0,0.0,0.0
0.0,0.0,0.0,0.0,0.0,0.0,0.0,0.0
0.0,0.0,0.0,0.0,0.0,0.0,0.0,0.0
0.0,0.0,0.0,0.0,0.0,0.0,0.0,0.0
0.0,0.0,0.0,0.0,0.0,0.0,0.0,0.0
0.0,0.0,0.0,0.0,0.0,0.0,0.0,0.0
0.0,0.0,0.0,0.0,0.0,0.0,0.0,0.0
0.0,0.0,0.0,0.0,0.0,0.0,0.0,0.0
0.0,0.0,0.0,0.0,0.0,0.0,0.0,0.0
0.0,0.0,0.0,0.0,0.0,0.0,0.0,0.0
0.0,0.0,0.0,0.0,0.0,0.0,0.0,0.0
0.0,0.0,0.0,0.0,0.0,0.0,0.0,0.0
0.0,0.0,0.0,0.0,0.0,0.0,0.0,0.0
0.0,0.0,0.0,0.0,0.0,0.0,0.0,0.0
0.0,0.0,0.0,0.0,0.0,0.0,0.0,0.0
0.0,0.0,0.0,0.0,0.0,0.0,0.0,0.0
0.0,0.0,0.0,0.0,0.0,0.0,0.0,0.0
0.0,0.0,0.0,0.0,0.0,0.0,0.0,0.0
0.0,0.0,0.0,0.0,0.0,0.0,0.0,0.0
0.0,0.0,0.0,0.0,0.0,0.0,0.0,0.0
0.0,0.0,0.0,0.0,0.0,0.0,0.0,0.0
0.0,0.0,0.0,0.0,0.0,0.0,0.0,0.0
0.0,0.0,0.0,0.0,0.0,0.0,0.0,0.0
0.0,0.0,0.0,0.0,0.0,0.0,0.0,0.0
0.0,0.0,0.0,0.0,0.0,0.0,0.0,0.0
0.0,0.0,0.0,0.0,0.0,0.0,0.0,0.0
0.0,0.0,0.0,0.0,0.0,0.0,0.0,0.0
0.0,0.0,0.0,0.0,0.0,0.0,0.0,0.0
0.0,0.0,0.0,0.0,0.0,0.0,0.0,0.0
0.0,0.0,0.0,0.0,0.0,0.0,0.0,0.0
0.0,0.0,0.0,0.0,0.0,0.0,0.0,0.0
0.0,0.0,0.0,0.0,0.0,0.0,0.0,0.0
0.0,0.0,0.0,0.0,0.0,0.0,0.0,0.0
0.0,0.0,0.0,0.0,0.0,0.0,0.0,0.0
0.0,0.0,0.0,0.0,0.0,0.0,0.0,0.0
0.0,0.0,0.0,0.0,0.0,0.0,0.0,0.0
0.0,0.0,0.0,0.0,0.0,0.0,0.0,0.0
0.0,0.0,0.0,0.0,0.0,0.0,0.0,0.0
0.0,0.0,0.0,0.0,0.0,0.0,0.0,0.0
0.0,0.0,0.0,0.0,0.0,0.0,0.0,0.0
0.0,0.0,0.0,0.0,0.0,0.0,0.0,0.0
0.0,0.0,0.0,0.0,0.0,0.0,0.0,0.0
0.0,0.0,0.0,0.0,0.0,0.0,0.0,0.0
0.0,0.0,0.0,0.0,0.0,0.0,0.0,0.0
0.0,0.0,0.0,0.0,0.0,0.0,0.0,0.0
0.0,0.0,0.0,0.0,0.0,0.0,0.0,0.0
0.0,0.0,0.0,0.0,0.0,0.0,0.0,0.0
0.0,0.0,0.0,0.0,0.0,0.0,0.0,0.0
0.0,0.0,0.0,0.0,0.0,0.0,0.0,0.0
0.0,0.0,0.0,0.0,0.0,0.0,0.0,0.0
0.0,0.0,0.0,0.0,0.0,0.0,0.0,0.0
0.0,0.0,0.0,0.0,0.0,0.0,0.0,0.0
0.0,0.0,0.0,0.0,0.0,0.0,0.0,0.0
0.0,0.0,0.0,0.0,0.0,0.0,0.0,0.0
0.0,0.0,0.0,0.0,0.0,0.0,0.0,0.0
0.0,0.0,0.0,0.0,0.0,0.0,0.0,0.0
0.0,0.0,0.0,0.0,0.0,0.0,0.0,0.0
0.0,0.0,0.0,0.0,0.0,0.0,0.0,0.0
0.0,0.0,0.0,0.0,0.0,0.0,0.0,0.0
0.0,0.0,0.0,0.0,0.0,0.0,0.0,0.0
0.0,0.0,0.0,0.0,0.0,0.0,0.0,0.0
0.0,0.0,0.0,0.0,0.0,0.0,0.0,0.0
0.0,0.0,0.0,0.0,0.0,0.0,0.0,0.0
0.0,0.0,0.0,0.0,0.0,0.0,0.0,0.0
0.0,0.0,0.0,0.0,0.0,0.0,0.0,0.0
0.0,0.0,0.0,0.0,0.0,0.0,0.0,0.0
0.0,0.0,0.0,0.0,0.0,0.0,0.0,0.0
0.0,0.0,0.0,0.0,0.0,0.0,0.0,0.0
0.0,0.0,0.0,0.0,0.0,0.0,0.0,0.0
0.0,0.0,0.0,0.0,0.0,0.0,0.0,0.0
0.0,0.0,0.0,0.0,0.0,0.0,0.0,0.0
0.0,0.0,0.0,0.0,0.0,0.0,0.0,0.0
0.0,0.0,0.0,0.0,0.0,0.0,0.0,0.0
0.0,0.0,0.0,0.0,0.0,0.0,0.0,0.0
0.0,0.0,0.0,0.0,0.0,0.0,0.0,0.0
0.0,0.0,0.0,0.0,0.0,0.0,0.0,0.0
0.0,0.0,0.0,0.0,0.0,0.0,0.0,0.0
0.0,0.0,0.0,0.0,0.0,0.0,0.0,0.0
0.0,0.0,0.0,0.0,0.0,0.0,0.0,0.0
0.0,0.0,0.0,0.0,0.0,0.0,0.0,0.0
0.0,0.0,0.0,0.0,0.0,0.0,0.0,0.0
0.0,0.0,0.0,0.0,0.0,0.0,0.0,0.0
0.0,0.0,0.0,0.0,0.0,0.0,0.0,0.0
0.0,0.0,0.0,0.0,0.0,0.0,0.0,0.0
0.0,0.0,0.0,0.0,0.0,0.0,0.0,0.0
0.0,0.0,0.0,0.0,0.0,0.0,0.0,0.0
0.0,0.0,0.0,0.0,0.0,0.0,0.0,0.0
0.0,0.0,0.0,0.0,0.0,0.0,0.0,0.0
0.0,0.0,0.0,0.0,0.0,0.0,0.0,0.0
0.0,0.0,0.0,0.0,0.0,0.0,0.0,0.0
0.0,0.0,0.0,0.0,0.0,0.0,0.0,0.0
0.0,0.0,0.0,0.0,0.0,0.0,0.0,0.0
0.0,0.0,0.0,0.0,0.0,0.0,0.0,0.0
0.0,0.0,0.0,0.0,0.0,0.0,0.0,0.0
0.0,0.0,0.0,0.0,0.0,0.0,0.0,0.0
0.0,0.0,0.0,0.0,0.0,0.0,0.0,0.0
0.0,0.0,0.0,0.0,0.0,0.0,0.0,0.0
0.0,0.0,0.0,0.0,0.0,0.0,0.0,0.0
0.0,0.0,0.0,0.0,0.0,0.0,0.0,0.0
0.0,0.0,0.0,0.0,0.0,0.0,0.0,0.0
0.0,0.0,0.0,0.0,0.0,0.0,0.0,0.0
0.0,0.0,0.0,0.0,0.0,0.0,0.0,0.0
0.0,0.0,0.0,0.0,0.0,0.0,0.0,0.0
0.0,0.0,0.0,0.0,0.0,0.0,0.0,0.0
0.0,0.0,0.0,0.0,0.0,0.0,0.0,0.0
0.0,0.0,0.0,0.0,0.0,0.0,0.0,0.0
0.0,0.0,0.0,0.0,0.0,0.0,0.0,0.0
0.0,0.0,0.0,0.0,0.0,0.0,0.0,0.0
0.0,0.0,0.0,0.0,0.0,0.0,0.0,0.0
0.0,0.0,0.0,0.0,0.0,0.0,0.0,0.0
0.0,0.0,0.0,0.0,0.0,0.0,0.0,0.0
0.0,0.0,0.0,0.0,0.0,0.0,0.0,0.0
0.0,0.0,0.0,0.0,0.0,0.0,0.0,0.0
0.0,0.0,0.0,0.0,0.0,0.0,0.0,0.0
0.0,0.0,0.0,0.0,0.0,0.0,0.0,0.0
0.0,0.0,0.0,0.0,0.0,0.0,0.0,0.0
0.0,0.0,0.0,0.0,0.0,0.0,0.0,0.0
0.0,0.0,0.0,0.0,0.0,0.0,0.0,0.0
0.0,0.0,0.0,0.0,0.0,0.0,0.0,0.0
0.0,0.0,0.0,0.0,0.0,0.0,0.0,0.0
0.0,0.0,0.0,0.0,0.0,0.0,0.0,0.0
0.0,0.0,0.0,0.0,0.0,0.0,0.0,0.0
0.0,0.0,0.0,0.0,0.0,0.0,0.0,0.0
0.0,0.0,0.0,0.0,0.0,0.0,0.0,0.0
0.0,0.0,0.0,0.0,0.0,0.0,0.0,0.0
0.0,0.0,0.0,0.0,0.0,0.0,0.0,0.0
0.0,0.0,0.0,0.0,0.0,0.0,0.0,0.0
0.0,0.0,0.0,0.0,0.0,0.0,0.0,0.0
0.0,0.0,0.0,0.0,0.0,0.0,0.0,0.0
0.0,0.0,0.0,0.0,0.0,0.0,0.0,0.0
0.0,0.0,0.0,0.0,0.0,0.0,0.0,0.0
0.0,0.0,0.0,0.0,0.0,0.0,0.0,0.0
0.0,0.0,0.0,0.0,0.0,0.0,0.0,0.0
0.0,0.0,0.0,0.0,0.0,0.0,0.0,0.0
0.0,0.0,0.0,0.0,0.0,0.0,0.0,0.0
0.0,0.0,0.0,0.0,0.0,0.0,0.0,0.0
0.0,0.0,0.0,0.0,0.0,0.0,0.0,0.0
0.0,0.0,0.0,0.0,0.0,0.0,0.0,0.0
0.0,0.0,0.0,0.0,0.0,0.0,0.0,0.0
0.0,0.0,0.0,0.0,0.0,0.0,0.0,0.0
0.0,0.0,0.0,0.0,0.0,0.0,0.0,0.0
0.0,0.0,0.0,0.0,0.0,0.0,0.0,0.0
0.0,0.0,0.0,0.0,0.0,0.0,0.0,0.0
0.0,0.0,0.0,0.0,0.0,0.0,0.0,0.0
0.0,0.0,0.0,0.0,0.0,0.0,0.0,0.0
0.0,0.0,0.0,0.0,0.0,0.0,0.0,0.0
0.0,0.0,0.0,0.0,0.0,0.0,0.0,0.0
0.0,0.0,0.0,0.0,0.0,0.0,0.0,0.0
0.0,0.0,0.0,0.0,0.0,0.0,0.0,0.0
0.0,0.0,0.0,0.0,0.0,0.0,0.0,0.0
0.0,0.0,0.0,0.0,0.0,0.0,0.0,0.0
0.0,0.0,0.0,0.0,0.0,0.0,0.0,0.0
0.0,0.0,0.0,0.0,0.0,0.0,0.0,0.0
0.0,0.0,0.0,0.0,0.0,0.0,0.0,0.0
0.0,0.0,0.0,0.0,0.0,0.0,0.0,0.0
0.0,0.0,0.0,0.0,0.0,0.0,0.0,0.0
0.0,0.0,0.0,0.0,0.0,0.0,0.0,0.0
0.0,0.0,0.0,0.0,0.0,0.0,0.0,0.0
0.0,0.0,0.0,0.0,0.0,0.0,0.0,0.0
0.0,0.0,0.0,0.0,0.0,0.0,0.0,0.0
0.0,0.0,0.0,0.0,0.0,0.0,0.0,0.0
0.0,0.0,0.0,0.0,0.0,0.0,0.0,0.0
0.0,0.0,0.0,0.0,0.0,0.0,0.0,0.0
0.0,0.0,0.0,0.0,0.0,0.0,0.0,0.0
0.0,0.0,0.0,0.0,0.0,0.0,0.0,0.0
0.0,0.0,0.0,0.0,0.0,0.0,0.0,0.0
0.0,0.0,0.0,0.0,0.0,0.0,0.0,0.0
0.0,0.0,0.0,0.0,0.0,0.0,0.0,0.0
0.0,0.0,0.0,0.0,0.0,0.0,0.0,0.0
0.0,0.0,0.0,0.0,0.0,0.0,0.0,0.0
0.0,0.0,0.0,0.0,0.0,0.0,0.0,0.0
0.0,0.0,0.0,0.0,0.0,0.0,0.0,0.0
0.0,0.0,0.0,0.0,0.0,0.0,0.0,0.0
0.0,0.0,0.0,0.0,0.0,0.0,0.0,0.0
0.0,0.0,0.0,0.0,0.0,0.0,0.0,0.0
0.0,0.0,0.0,0.0,0.0,0.0,0.0,0.0
0.0,0.0,0.0,0.0,0.0,0.0,0.0,0.0
0.0,0.0,0.0,0.0,0.0,0.0,0.0,0.0
0.0,0.0,0.0,0.0,0.0,0.0,0.0,0.0
0.0,0.0,0.0,0.0,0.0,0.0,0.0,0.0
0.0,0.0,0.0,0.0,0.0,0.0,0.0,0.0
0.0,0.0,0.0,0.0,0.0,0.0,0.0,0.0
0.0,0.0,0.0,0.0,0.0,0.0,0.0,0.0
0.0,0.0,0.0,0.0,0.0,0.0,0.0,0.0
0.0,0.0,0.0,0.0,0.0,0.0,0.0,0.0
0.0,0.0,0.0,0.0,0.0,0.0,0.0,0.0
0.0,0.0,0.0,0.0,0.0,0.0,0.0,0.0
0.0,0.0,0.0,0.0,0.0,0.0,0.0,0.0
0.0,0.0,0.0,0.0,0.0,0.0,0.0,0.0
0.0,0.0,0.0,0.0,0.0,0.0,0.0,0.0
0.0,0.0,0.0,0.0,0.0,0.0,0.0,0.0
0.0,0.0,0.0,0.0,0.0,0.0,0.0,0.0
0.0,0.0,0.0,0.0,0.0,0.0,0.0,0.0
0.0,0.0,0.0,0.0,0.0,0.0,0.0,0.0
0.0,0.0,0.0,0.0,0.0,0.0,0.0,0.0
0.0,0.0,0.0,0.0,0.0,0.0,0.0,0.0
0.0,0.0,0.0,0.0,0.0,0.0,0.0,0.0
0.0,0.0,0.0,0.0,0.0,0.0,0.0,0.0
0.0,0.0,0.0,0.0,0.0,0.0,0.0,0.0
0.0,0.0,0.0,0.0,0.0,0.0,0.0,0.0
0.0,0.0,0.0,0.0,0.0,0.0,0.0,0.0
0.0,0.0,0.0,0.0,0.0,0.0,0.0,0.0
0.0,0.0,0.0,0.0,0.0,0.0,0.0,0.0
0.0,0.0,0.0,0.0,0.0,0.0,0.0,0.0
0.0,0.0,0.0,0.0,0.0,0.0,0.0,0.0
0.0,0.0,0.0,0.0,0.0,0.0,0.0,0.0
0.0,0.0,0.0,0.0,0.0,0.0,0.0,0.0
0.0,0.0,0.0,0.0,0.0,0.0,0.0,0.0
0.0,0.0,0.0,0.0,0.0,0.0,0.0,0.0
0.0,0.0,0.0,0.0,0.0,0.0,0.0,0.0
0.0,0.0,0.0,0.0,0.0,0.0,0.0,0.0
0.0,0.0,0.0,0.0,0.0,0.0,0.0,0.0
0.0,0.0,0.0,0.0,0.0,0.0,0.0,0.0
0.0,0.0,0.0,0.0,0.0,0.0,0.0,0.0
0.0,0.0,0.0,0.0,0.0,0.0,0.0,0.0
0.0,0.0,0.0,0.0,0.0,0.0,0.0,0.0
0.0,0.0,0.0,0.0,0.0,0.0,0.0,0.0
0.0,0.0,0.0,0.0,0.0,0.0,0.0,0.0
0.0,0.0,0.0,0.0,0.0,0.0,0.0,0.0
0.0,0.0,0.0,0.0,0.0,0.0,0.0,0.0
0.0,0.0,0.0,0.0,0.0,0.0,0.0,0.0
0.0,0.0,0.0,0.0,0.0,0.0,0.0,0.0
0.0,0.0,0.0,0.0,0.0,0.0,0.0,0.0
0.0,0.0,0.0,0.0,0.0,0.0,0.0,0.0
0.0,0.0,0.0,0.0,0.0,0.0,0.0,0.0
0.0,0.0,0.0,0.0,0.0,0.0,0.0,0.0
0.0,0.0,0.0,0.0,0.0,0.0,0.0,0.0
0.0,0.0,0.0,0.0,0.0,0.0,0.0,0.0
0.0,0.0,0.0,0.0,0.0,0.0,0.0,0.0
0.0,0.0,0.0,0.0,0.0,0.0,0.0,0.0
0.0,0.0,0.0,0.0,0.0,0.0,0.0,0.0
0.0,0.0,0.0,0.0,0.0,0.0,0.0,0.0
0.0,0.0,0.0,0.0,0.0,0.0,0.0,0.0
0.0,0.0,0.0,0.0,0.0,0.0,0.0,0.0
0.0,0.0,0.0,0.0,0.0,0.0,0.0,0.0
0.0,0.0,0.0,0.0,0.0,0.0,0.0,0.0
0.0,0.0,0.0,0.0,0.0,0.0,0.0,0.0
0.0,0.0,0.0,0.0,0.0,0.0,0.0,0.0
0.0,0.0,0.0,0.0,0.0,0.0,0.0,0.0
0.0,0.0,0.0,0.0,0.0,0.0,0.0,0.0
0.0,0.0,0.0,0.0,0.0,0.0,0.0,0.0
0.0,0.0,0.0,0.0,0.0,0.0,0.0,0.0
0.0,0.0,0.0,0.0,0.0,0.0,0.0,0.0
0.0,0.0,0.0,0.0,0.0,0.0,0.0,0.0
0.0,0.0,0.0,0.0,0.0,0.0,0.0,0.0
0.0,0.0,0.0,0.0,0.0,0.0,0.0,0.0
0.0,0.0,0.0,0.0,0.0,0.0,0.0,0.0
0.0,0.0,0.0,0.0,0.0,0.0,0.0,0.0
0.0,0.0,0.0,0.0,0.0,0.0,0.0,0.0
0.0,0.0,0.0,0.0,0.0,0.0,0.0,0.0
0.0,0.0,0.0,0.0,0.0,0.0,0.0,0.0
0.0,0.0,0.0,0.0,0.0,0.0,0.0,0.0
0.0,0.0,0.0,0.0,0.0,0.0,0.0,0.0
0.0,0.0,0.0,0.0,0.0,0.0,0.0,0.0
0.0,0.0,0.0,0.0,0.0,0.0,0.0,0.0
0.0,0.0,0.0,0.0,0.0,0.0,0.0,0.0
0.0,0.0,0.0,0.0,0.0,0.0,0.0,0.0
0.0,0.0,0.0,0.0,0.0,0.0,0.0,0.0
0.0,0.0,0.0,0.0,0.0,0.0,0.0,0.0
0.0,0.0,0.0,0.0,0.0,0.0,0.0,0.0
0.0,0.0,0.0,0.0,0.0,0.0,0.0,0.0
0.0,0.0,0.0,0.0,0.0,0.0,0.0,0.0
0.0,0.0,0.0,0.0,0.0,0.0,0.0,0.0
0.0,0.0,0.0,0.0,0.0,0.0,0.0,0.0
0.0,0.0,0.0,0.0,0.0,0.0,0.0,0.0
0.0,0.0,0.0,0.0,0.0,0.0,0.0,0.0
0.0,0.0,0.0,0.0,0.0,0.0,0.0,0.0
0.0,0.0,0.0,0.0,0.0,0.0,0.0,0.0
0.0,0.0,0.0,0.0,0.0,0.0,0.0,0.0
0.0,0.0,0.0,0.0,0.0,0.0,0.0,0.0
0.0,0.0,0.0,0.0,0.0,0.0,0.0,0.0
0.0,0.0,0.0,0.0,0.0,0.0,0.0,0.0
0.0,0.0,0.0,0.0,0.0,0.0,0.0,0.0
0.0,0.0,0.0,0.0,0.0,0.0,0.0,0.0
0.0,0.0,0.0,0.0,0.0,0.0,0.0,0.0
0.0,0.0,0.0,0.0,0.0,0.0,0.0,0.0
0.0,0.0,0.0,0.0,0.0,0.0,0.0,0.0
0.0,0.0,0.0,0.0,0.0,0.0,0.0,0.0
0.0,0.0,0.0,0.0,0.0,0.0,0.0,0.0
0.0,0.0,0.0,0.0,0.0,0.0,0.0,0.0
0.0,0.0,0.0,0.0,0.0,0.0,0.0,0.0
0.0,0.0,0.0,0.0,0.0,0.0,0.0,0.0
0.0,0.0,0.0,0.0,0.0,0.0,0.0,0.0
0.0,0.0,0.0,0.0,0.0,0.0,0.0,0.0
0.0,0.0,0.0,0.0,0.0,0.0,0.0,0.0
0.0,0.0,0.0,0.0,0.0,0.0,0.0,0.0
0.0,0.0,0.0,0.0,0.0,0.0,0.0,0.0
0.0,0.0,0.0,0.0,0.0,0.0,0.0,0.0
0.0,0.0,0.0,0.0,0.0,0.0,0.0,0.0
0.0,0.0,0.0,0.0,0.0,0.0,0.0,0.0
0.0,0.0,0.0,0.0,0.0,0.0,0.0,0.0
0.0,0.0,0.0,0.0,0.0,0.0,0.0,0.0
0.0,0.0,0.0,0.0,0.0,0.0,0.0,0.0
0.0,0.0,0.0,0.0,0.0,0.0,0.0,0.0
0.0,0.0,0.0,0.0,0.0,0.0,0.0,0.0
0.0,0.0,0.0,0.0,0.0,0.0,0.0,0.0
0.0,0.0,0.0,0.0,0.0,0.0,0.0,0.0
0.0,0.0,0.0,0.0,0.0,0.0,0.0,0.0
0.0,0.0,0.0,0.0,0.0,0.0,0.0,0.0
0.0,0.0,0.0,0.0,0.0,0.0,0.0,0.0
0.0,0.0,0.0,0.0,0.0,0.0,0.0,0.0
0.0,0.0,0.0,0.0,0.0,0.0,0.0,0.0
0.0,0.0,0.0,0.0,0.0,0.0,0.0,0.0
0.0,0.0,0.0,0.0,0.0,0.0,0.0,0.0
0.0,0.0,0.0,0.0,0.0,0.0,0.0,0.0
0.0,0.0,0.0,0.0,0.0,0.0,0.0,0.0
0.0,0.0,0.0,0.0,0.0,0.0,0.0,0.0
0.0,0.0,0.0,0.0,0.0,0.0,0.0,0.0
0.0,0.0,0.0,0.0,0.0,0.0,0.0,0.0
0.0,0.0,0.0,0.0,0.0,0.0,0.0,0.0
0.0,0.0,0.0,0.0,0.0,0.0,0.0,0.0
0.0,0.0,0.0,0.0,0.0,0.0,0.0,0.0
0.0,0.0,0.0,0.0,0.0,0.0,0.0,0.0
0.0,0.0,0.0,0.0,0.0,0.0,0.0,0.0
0.0,0.0,0.0,0.0,0.0,0.0,0.0,0.0
0.0,0.0,0.0,0.0,0.0,0.0,0.0,0.0
0.0,0.0,0.0,0.0,0.0,0.0,0.0,0.0
0.0,0.0,0.0,0.0,0.0,0.0,0.0,0.0
0.0,0.0,0.0,0.0,0.0,0.0,0.0,0.0
0.0,0.0,0.0,0.0,0.0,0.0,0.0,0.0
0.0,0.0,0.0,0.0,0.0,0.0,0.0,0.0
0.0,0.0,0.0,0.0,0.0,0.0,0.0,0.0
0.0,0.0,0.0,0.0,0.0,0.0,0.0,0.0
0.0,0.0,0.0,0.0,0.0,0.0,0.0,0.0
0.0,0.0,0.0,0.0,0.0,0.0,0.0,0.0
0.0,0.0,0.0,0.0,0.0,0.0,0.0,0.0
0.0,0.0,0.0,0.0,0.0,0.0,0.0,0.0
0.0,0.0,0.0,0.0,0.0,0.0,0.0,0.0
0.0,0.0,0.0,0.0,0.0,0.0,0.0,0.0
0.0,0.0,0.0,0.0,0.0,0.0,0.0,0.0
0.0,0.0,0.0,0.0,0.0,0.0,0.0,0.0
0.0,0.0,0.0,0.0,0.0,0.0,0.0,0.0
0.0,0.0,0.0,0.0,0.0,0.0,0.0,0.0
0.0,0.0,0.0,0.0,0.0,0.0,0.0,0.0
0.0,0.0,0.0,0.0,0.0,0.0,0.0,0.0
0.0,0.0,0.0,0.0,0.0,0.0,0.0,0.0
0.0,0.0,0.0,0.0,0.0,0.0,0.0,0.0
0.0,0.0,0.0,0.0,0.0,0.0,0.0,0.0
0.0,0.0,0.0,0.0,0.0,0.0,0.0,0.0
0.0,0.0,0.0,0.0,0.0,0.0,0.0,0.0
0.0,0.0,0.0,0.0,0.0,0.0,0.0,0.0
0.0,0.0,0.0,0.0,0.0,0.0,0.0,0.0
0.0,0.0,0.0,0.0,0.0,0.0,0.0,0.0
0.0,0.0,0.0,0.0,0.0,0.0,0.0,0.0
0.0,0.0,0.0,0.0,0.0,0.0,0.0,0.0
0.0,0.0,0.0,0.0,0.0,0.0,0.0,0.0
0.0,0.0,0.0,0.0,0.0,0.0,0.0,0.0
0.0,0.0,0.0,0.0,0.0,0.0,0.0,0.0
0.0,0.0,0.0,0.0,0.0,0.0,0.0,0.0
0.0,0.0,0.0,0.0,0.0,0.0,0.0,0.0
0.0,0.0,0.0,0.0,0.0,0.0,0.0,0.0
0.0,0.0,0.0,0.0,0.0,0.0,0.0,0.0
0.0,0.0,0.0,0.0,0.0,0.0,0.0,0.0
0.0,0.0,0.0,0.0,0.0,0.0,0.0,0.0
0.0,0.0,0.0,0.0,0.0,0.0,0.0,0.0
0.0,0.0,0.0,0.0,0.0,0.0,0.0,0.0
0.0,0.0,0.0,0.0,0.0,0.0,0.0,0.0
0.0,0.0,0.0,0.0,0.0,0.0,0.0,0.0
0.0,0.0,0.0,0.0,0.0,0.0,0.0,0.0
0.0,0.0,0.0,0.0,0.0,0.0,0.0,0.0
0.0,0.0,0.0,0.0,0.0,0.0,0.0,0.0
0.0,0.0,0.0,0.0,0.0,0.0,0.0,0.0
0.0,0.0,0.0,0.0,0.0,0.0,0.0,0.0
0.0,0.0,0.0,0.0,0.0,0.0,0.0,0.0
0.0,0.0,0.0,0.0,0.0,0.0,0.0,0.0
0.0,0.0,0.0,0.0,0.0,0.0,0.0,0.0
0.0,0.0,0.0,0.0,0.0,0.0,0.0,0.0
0.0,0.0,0.0,0.0,0.0,0.0,0.0,0.0
0.0,0.0,0.0,0.0,0.0,0.0,0.0,0.0
0.0,0.0,0.0,0.0,0.0,0.0,0.0,0.0
0.0,0.0,0.0,0.0,0.0,0.0,0.0,0.0
0.0,0.0,0.0,0.0,0.0,0.0,0.0,0.0
0.0,0.0,0.0,0.0,0.0,0.0,0.0,0.0
0.0,0.0,0.0,0.0,0.0,0.0,0.0,0.0
0.0,0.0,0.0,0.0,0.0,0.0,0.0,0.0
0.0,0.0,0.0,0.0,0.0,0.0,0.0,0.0
0.0,0.0,0.0,0.0,0.0,0.0,0.0,0.0
0.0,0.0,0.0,0.0,0.0,0.0,0.0,0.0
0.0,0.0,0.0,0.0,0.0,0.0,0.0,0.0
0.0,0.0,0.0,0.0,0.0,0.0,0.0,0.0
0.0,0.0,0.0,0.0,0.0,0.0,0.0,0.0
0.0,0.0,0.0,0.0,0.0,0.0,0.0,0.0
0.0,0.0,0.0,0.0,0.0,0.0,0.0,0.0
0.0,0.0,0.0,0.0,0.0,0.0,0.0,0.0
0.0,0.0,0.0,0.0,0.0,0.0,0.0,0.0
0.0,0.0,0.0,0.0,0.0,0.0,0.0,0.0
0.0,0.0,0.0,0.0,0.0,0.0,0.0,0.0
0.0,0.0,0.0,0.0,0.0,0.0,0.0,0.0
0.0,0.0,0.0,0.0,0.0,0.0,0.0,0.0
0.0,0.0,0.0,0.0,0.0,0.0,0.0,0.0
0.0,0.0,0.0,0.0,0.0,0.0,0.0,0.0
0.0,0.0,0.0,0.0,0.0,0.0,0.0,0.0
0.0,0.0,0.0,0.0,0.0,0.0,0.0,0.0
0.0,0.0,0.0,0.0,0.0,0.0,0.0,0.0
0.0,0.0,0.0,0.0,0.0,0.0,0.0,0.0
0.0,0.0,0.0,0.0,0.0,0.0,0.0,0.0
0.0,0.0,0.0,0.0,0.0,0.0,0.0,0.0
0.0,0.0,0.0,0.0,0.0,0.0,0.0,0.0
0.0,0.0,0.0,0.0,0.0,0.0,0.0,0.0
0.0,0.0,0.0,0.0,0.0,0.0,0.0,0.0
0.0,0.0,0.0,0.0,0.0,0.0,0.0,0.0
0.0,0.0,0.0,0.0,0.0,0.0,0.0,0.0
0.0,0.0,0.0,0.0,0.0,0.0,0.0,0.0
0.0,0.0,0.0,0.0,0.0,0.0,0.0,0.0
0.0,0.0,0.0,0.0,0.0,0.0,0.0,0.0
0.0,0.0,0.0,0.0,0.0,0.0,0.0,0.0
0.0,0.0,0.0,0.0,0.0,0.0,0.0,0.0
0.0,0.0,0.0,0.0,0.0,0.0,0.0,0.0
0.0,0.0,0.0,0.0,0.0,0.0,0.0,0.0
0.0,0.0,0.0,0.0,0.0,0.0,0.0,0.0
0.0,0.0,0.0,0.0,0.0,0.0,0.0,0.0
0.0,0.0,0.0,0.0,0.0,0.0,0.0,0.0
0.0,0.0,0.0,0.0,0.0,0.0,0.0,0.0
0.0,0.0,0.0,0.0,0.0,0.0,0.0,0.0
0.0,0.0,0.0,0.0,0.0,0.0,0.0,0.0
0.0,0.0,0.0,0.0,0.0,0.0,0.0,0.0
0.0,0.0,0.0,0.0,0.0,0.0,0.0,0.0
0.0,0.0,0.0,0.0,0.0,0.0,0.0,0.0
0.0,0.0,0.0,0.0,0.0,0.0,0.0,0.0
0.0,0.0,0.0,0.0,0.0,0.0,0.0,0.0
0.0,0.0,0.0,0.0,0.0,0.0,0.0,0.0
0.0,0.0,0.0,0.0,0.0,0.0,0.0,0.0
0.0,0.0,0.0,0.0,0.0,0.0,0.0,0.0
0.0,0.0,0.0,0.0,0.0,0.0,0.0,0.0
0.0,0.0,0.0,0.0,0.0,0.0,0.0,0.0
0.0,0.0,0.0,0.0,0.0,0.0,0.0,0.0
0.0,0.0,0.0,0.0,0.0,0.0,0.0,0.0
0.0,0.0,0.0,0.0,0.0,0.0,0.0,0.0
0.0,0.0,0.0,0.0,0.0,0.0,0.0,0.0
0.0,0.0,0.0,0.0,0.0,0.0,0.0,0.0
0.0,0.0,0.0,0.0,0.0,0.0,0.0,0.0
0.0,0.0,0.0,0.0,0.0,0.0,0.0,0.0
0.0,0.0,0.0,0.0,0.0,0.0,0.0,0.0
0.0,0.0,0.0,0.0,0.0,0.0,0.0,0.0
0.0,0.0,0.0,0.0,0.0,0.0,0.0,0.0
0.0,0.0,0.0,0.0,0.0,0.0,0.0,0.0
0.0,0.0,0.0,0.0,0.0,0.0,0.0,0.0
0.0,0.0,0.0,0.0,0.0,0.0,0.0,0.0
0.0,0.0,0.0,0.0,0.0,0.0,0.0,0.0
0.0,0.0,0.0,0.0,0.0,0.0,0.0,0.0
0.0,0.0,0.0,0.0,0.0,0.0,0.0,0.0
0.0,0.0,0.0,0.0,0.0,0.0,0.0,0.0
0.0,0.0,0.0,0.0,0.0,0.0,0.0,0.0
0.0,0.0,0.0,0.0,0.0,0.0,0.0,0.0
0.0,0.0,0.0,0.0,0.0,0.0,0.0,0.0
0.0,0.0,0.0,0.0,0.0,0.0,0.0,0.0
0.0,0.0,0.0,0.0,0.0,0.0,0.0,0.0
0.0,0.0,0.0,0.0,0.0,0.0,0.0,0.0
0.0,0.0,0.0,0.0,0.0,0.0,0.0,0.0
0.0,0.0,0.0,0.0,0.0,0.0,0.0,0.0
0.0,0.0,0.0,0.0,0.0,0.0,0.0,0.0
0.0,0.0,0.0,0.0,0.0,0.0,0.0,0.0
0.0,0.0,0.0,0.0,0.0,0.0,0.0,0.0
0.0,0.0,0.0,0.0,0.0,0.0,0.0,0.0
0.0,0.0,0.0,0.0,0.0,0.0,0.0,0.0
0.0,0.0,0.0,0.0,0.0,0.0,0.0,0.0
0.0,0.0,0.0,0.0,0.0,0.0,0.0,0.0
0.0,0.0,0.0,0.0,0.0,0.0,0.0,0.0
0.0,0.0,0.0,0.0,0.0,0.0,0.0,0.0
0.0,0.0,0.0,0.0,0.0,0.0,0.0,0.0
0.0,0.0,0.0,0.0,0.0,0.0,0.0,0.0
0.0,0.0,0.0,0.0,0.0,0.0,0.0,0.0
0.0,0.0,0.0,0.0,0.0,0.0,0.0,0.0
0.0,0.0,0.0,0.0,0.0,0.0,0.0,0.0
0.0,0.0,0.0,0.0,0.0,0.0,0.0,0.0
0.0,0.0,0.0,0.0,0.0,0.0,0.0,0.0
0.0,0.0,0.0,0.0,0.0,0.0,0.0,0.0
0.0,0.0,0.0,0.0,0.0,0.0,0.0,0.0
0.0,0.0,0.0,0.0,0.0,0.0,0.0,0.0
0.0,0.0,0.0,0.0,0.0,0.0,0.0,0.0
0.0,0.0,0.0,0.0,0.0,0.0,0.0,0.0
0.0,0.0,0.0,0.0,0.0,0.0,0.0,0.0
0.0,0.0,0.0,0.0,0.0,0.0,0.0,0.0
0.0,0.0,0.0,0.0,0.0,0.0,0.0,0.0
0.0,0.0,0.0,0.0,0.0,0.0,0.0,0.0
0.0,0.0,0.0,0.0,0.0,0.0,0.0,0.0
0.0,0.0,0.0,0.0,0.0,0.0,0.0,0.0
0.0,0.0,0.0,0.0,0.0,0.0,0.0,0.0
0.0,0.0,0.0,0.0,0.0,0.0,0.0,0.0
0.0,0.0,0.0,0.0,0.0,0.0,0.0,0.0
0.0,0.0,0.0,0.0,0.0,0.0,0.0,0.0
0.0,0.0,0.0,0.0,0.0,0.0,0.0,0.0
0.0,0.0,0.0,0.0,0.0,0.0,0.0,0.0
0.0,0.0,0.0,0.0,0.0,0.0,0.0,0.0
0.0,0.0,0.0,0.0,0.0,0.0,0.0,0.0
0.0,0.0,0.0,0.0,0.0,0.0,0.0,0.0
0.0,0.0,0.0,0.0,0.0,0.0,0.0,0.0
0.0,0.0,0.0,0.0,0.0,0.0,0.0,0.0
0.0,0.0,0.0,0.0,0.0,0.0,0.0,0.0
0.0,0.0,0.0,0.0,0.0,0.0,0.0,0.0
0.0,0.0,0.0,0.0,0.0,0.0,0.0,0.0
0.0,0.0,0.0,0.0,0.0,0.0,0.0,0.0
0.0,0.0,0.0,0.0,0.0,0.0,0.0,0.0
0.0,0.0,0.0,0.0,0.0,0.0,0.0,0.0
0.0,0.0,0.0,0.0,0.0,0.0,0.0,0.0
0.0,0.0,0.0,0.0,0.0,0.0,0.0,0.0
0.0,0.0,0.0,0.0,0.0,0.0,0.0,0.0
0.0,0.0,0.0,0.0,0.0,0.0,0.0,0.0
0.0,0.0,0.0,0.0,0.0,0.0,0.0,0.0
0.0,0.0,0.0,0.0,0.0,0.0,0.0,0.0
0.0,0.0,0.0,0.0,0.0,0.0,0.0,0.0
0.0,0.0,0.0,0.0,0.0,0.0,0.0,0.0
0.0,0.0,0.0,0.0,0.0,0.0,0.0,0.0
0.0,0.0,0.0,0.0,0.0,0.0,0.0,0.0
0.0,0.0,0.0,0.0,0.0,0.0,0.0,0.0
0.0,0.0,0.0,0.0,0.0,0.0,0.0,0.0
0.0,0.0,0.0,0.0,0.0,0.0,0.0,0.0
0.0,0.0,0.0,0.0,0.0,0.0,0.0,0.0
0.0,0.0,0.0,0.0,0.0,0.0,0.0,0.0
0.0,0.0,0.0,0.0,0.0,0.0,0.0,0.0
0.0,0.0,0.0,0.0,0.0,0.0,0.0,0.0
0.0,0.0,0.0,0.0,0.0,0.0,0.0,0.0
0.0,0.0,0.0,0.0,0.0,0.0,0.0,0.0
0.0,0.0,0.0,0.0,0.0,0.0,0.0,0.0
0.0,0.0,0.0,0.0,0.0,0.0,0.0,0.0
0.0,0.0,0.0,0.0,0.0,0.0,0.0,0.0
0.0,0.0,0.0,0.0,0.0,0.0,0.0,0.0
0.0,0.0,0.0,0.0,0.0,0.0,0.0,0.0
0.0,0.0,0.0,0.0,0.0,0.0,0.0,0.0
0.0,0.0,0.0,0.0,0.0,0.0,0.0,0.0
0.0,0.0,0.0,0.0,0.0,0.0,0.0,0.0
0.0,0.0,0.0,0.0,0.0,0.0,0.0,0.0
0.0,0.0,0.0,0.0,0.0,0.0,0.0,0.0
0.0,0.0,0.0,0.0,0.0,0.0,0.0,0.0
0.0,0.0,0.0,0.0,0.0,0.0,0.0,0.0
0.0,0.0,0.0,0.0,0.0,0.0,0.0,0.0
0.0,0.0,0.0,0.0,0.0,0.0,0.0,0.0
0.0,0.0,0.0,0.0,0.0,0.0,0.0,0.0
0.0,0.0,0.0,0.0,0.0,0.0,0.0,0.0
0.0,0.0,0.0,0.0,0.0,0.0,0.0,0.0
0.0,0.0,0.0,0.0,0.0,0.0,0.0,0.0
0.0,0.0,0.0,0.0,0.0,0.0,0.0,0.0
0.0,0.0,0.0,0.0,0.0,0.0,0.0,0.0
0.0,0.0,0.0,0.0,0.0,0.0,0.0,0.0
0.0,0.0,0.0,0.0,0.0,0.0,0.0,0.0
0.0,0.0,0.0,0.0,0.0,0.0,0.0,0.0
0.0,0.0,0.0,0.0,0.0,0.0,0.0,0.0
0.0,0.0,0.0,0.0,0.0,0.0,0.0,0.0
0.0,0.0,0.0,0.0,0.0,0.0,0.0,0.0
0.0,0.0,0.0,0.0,0.0,0.0,0.0,0.0
0.0,0.0,0.0,0.0,0.0,0.0,0.0,0.0
0.0,0.0,0.0,0.0,0.0,0.0,0.0,0.0
0.0,0.0,0.0,0.0,0.0,0.0,0.0,0.0
0.0,0.0,0.0,0.0,0.0,0.0,0.0,0.0
0.0,0.0,0.0,0.0,0.0,0.0,0.0,0.0
0.0,0.0,0.0,0.0,0.0,0.0,0.0,0.0
0.0,0.0,0.0,0.0,0.0,0.0,0.0,0.0
0.0,0.0,0.0,0.0,0.0,0.0,0.0,0.0
0.0,0.0,0.0,0.0,0.0,0.0,0.0,0.0
0.0,0.0,0.0,0.0,0.0,0.0,0.0,0.0
0.0,0.0,0.0,0.0,0.0,0.0,0.0,0.0
0.0,0.0,0.0,0.0,0.0,0.0,0.0,0.0
0.0,0.0,0.0,0.0,0.0,0.0,0.0,0.0
0.0,0.0,0.0,0.0,0.0,0.0,0.0,0.0
0.0,0.0,0.0,0.0,0.0,0.0,0.0,0.0
0.0,0.0,0.0,0.0,0.0,0.0,0.0,0.0
0.0,0.0,0.0,0.0,0.0,0.0,0.0,0.0
0.0,0.0,0.0,0.0,0.0,0.0,0.0,0.0
0.0,0.0,0.0,0.0,0.0,0.0,0.0,0.0
0.0,0.0,0.0,0.0,0.0,0.0,0.0,0.0
0.0,0.0,0.0,0.0,0.0,0.0,0.0,0.0
0.0,0.0,0.0,0.0,0.0,0.0,0.0,0.0
0.0,0.0,0.0,0.0,0.0,0.0,0.0,0.0
0.0,0.0,0.0,0.0,0.0,0.0,0.0,0.0
0.0,0.0,0.0,0.0,0.0,0.0,0.0,0.0
0.0,0.0,0.0,0.0,0.0,0.0,0.0,0.0
0.0,0.0,0.0,0.0,0.0,0.0,0.0,0.0
0.0,0.0,0.0,0.0,0.0,0.0,0.0,0.0
0.0,0.0,0.0,0.0,0.0,0.0,0.0,0.0
0.0,0.0,0.0,0.0,0.0,0.0,0.0,0.0
0.0,0.0,0.0,0.0,0.0,0.0,0.0,0.0
0.0,0.0,0.0,0.0,0.0,0.0,0.0,0.0
0.0,0.0,0.0,0.0,0.0,0.0,0.0,0.0
0.0,0.0,0.0,0.0,0.0,0.0,0.0,0.0
0.0,0.0,0.0,0.0,0.0,0.0,0.0,0.0
0.0,0.0,0.0,0.0,0.0,0.0,0.0,0.0
0.0,0.0,0.0,0.0,0.0,0.0,0.0,0.0
0.0,0.0,0.0,0.0,0.0,0.0,0.0,0.0
0.0,0.0,0.0,0.0,0.0,0.0,0.0,0.0
0.0,0.0,0.0,0.0,0.0,0.0,0.0,0.0
0.0,0.0,0.0,0.0,0.0,0.0,0.0,0.0
0.0,0.0,0.0,0.0,0.0,0.0,0.0,0.0
0.0,0.0,0.0,0.0,0.0,0.0,0.0,0.0
0.0,0.0,0.0,0.0,0.0,0.0,0.0,0.0
0.0,0.0,0.0,0.0,0.0,0.0,0.0,0.0
0.0,0.0,0.0,0.0,0.0,0.0,0.0,0.0
0.0,0.0,0.0,0.0,0.0,0.0,0.0,0.0
0.0,0.0,0.0,0.0,0.0,0.0,0.0,0.0
0.0,0.0,0.0,0.0,0.0,0.0,0.0,0.0
0.0,0.0,0.0,0.0,0.0,0.0,0.0,0.0
0.0,0.0,0.0,0.0,0.0,0.0,0.0,0.0
0.0,0.0,0.0,0.0,0.0,0.0,0.0,0.0
0.0,0.0,0.0,0.0,0.0,0.0,0.0,0.0
0.0,0.0,0.0,0.0,0.0,0.0,0.0,0.0
0.0,0.0,0.0,0.0,0.0,0.0,0.0,0.0
0.0,0.0,0.0,0.0,0.0,0.0,0.0,0.0
0.0,0.0,0.0,0.0,0.0,0.0,0.0,0.0
0.0,0.0,0.0,0.0,0.0,0.0,0.0,0.0
0.0,0.0,0.0,0.0,0.0,0.0,0.0,0.0
0.0,0.0,0.0,0.0,0.0,0.0,0.0,0.0
0.0,0.0,0.0,0.0,0.0,0.0,0.0,0.0
0.0,0.0,0.0,0.0,0.0,0.0,0.0,0.0
0.0,0.0,0.0,0.0,0.0,0.0,0.0,0.0
0.0,0.0,0.0,0.0,0.0,0.0,0.0,0.0
0.0,0.0,0.0,0.0,0.0,0.0,0.0,0.0
0.0,0.0,0.0,0.0,0.0,0.0,0.0,0.0
0.0,0.0,0.0,0.0,0.0,0.0,0.0,0.0
0.0,0.0,0.0,0.0,0.0,0.0,0.0,0.0
0.0,0.0,0.0,0.0,0.0,0.0,0.0,0.0
0.0,0.0,0.0,0.0,0.0,0.0,0.0,0.0
0.0,0.0,0.0,0.0,0.0,0.0,0.0,0.0
0.0,0.0,0.0,0.0,0.0,0.0,0.0,0.0
0.0,0.0,0.0,0.0,0.0,0.0,0.0,0.0
0.0,0.0,0.0,0.0,0.0,0.0,0.0,0.0
0.0,0.0,0.0,0.0,0.0,0.0,0.0,0.0
0.0,0.0,0.0,0.0,0.0,0.0,0.0,0.0
0.0,0.0,0.0,0.0,0.0,0.0,0.0,0.0
0.0,0.0,0.0,0.0,0.0,0.0,0.0,0.0
0.0,0.0,0.0,0.0,0.0,0.0,0.0,0.0
0.0,0.0,0.0,0.0,0.0,0.0,0.0,0.0
0.0,0.0,0.0,0.0,0.0,0.0,0.0,0.0
0.0,0.0,0.0,0.0,0.0,0.0,0.0,0.0
0.0,0.0,0.0,0.0,0.0,0.0,0.0,0.0
0.0,0.0,0.0,0.0,0.0,0.0,0.0,0.0
0.0,0.0,0.0,0.0,0.0,0.0,0.0,0.0
0.0,0.0,0.0,0.0,0.0,0.0,0.0,0.0
0.0,0.0,0.0,0.0,0.0,0.0,0.0,0.0
0.0,0.0,0.0,0.0,0.0,0.0,0.0,0.0
0.0,0.0,0.0,0.0,0.0,0.0,0.0,0.0
0.0,0.0,0.0,0.0,0.0,0.0,0.0,0.0
0.0,0.0,0.0,0.0,0.0,0.0,0.0,0.0
0.0,0.0,0.0,0.0,0.0,0.0,0.0,0.0
0.0,0.0,0.0,0.0,0.0,0.0,0.0,0.0
0.0,0.0,0.0,0.0,0.0,0.0,0.0,0.0
0.0,0.0,0.0,0.0,0.0,0.0,0.0,0.0
0.0,0.0,0.0,0.0,0.0,0.0,0.0,0.0
0.0,0.0,0.0,0.0,0.0,0.0,0.0,0.0
0.0,0.0,0.0,0.0,0.0,0.0,0.0,0.0
0.0,0.0,0.0,0.0,0.0,0.0,0.0,0.0
0.0,0.0,0.0,0.0,0.0,0.0,0.0,0.0
0.0,0.0,0.0,0.0,0.0,0.0,0.0,0.0
0.0,0.0,0.0,0.0,0.0,0.0,0.0,0.0
0.0,0.0,0.0,0.0,0.0,0.0,0.0,0.0
0.0,0.0,0.0,0.0,0.0,0.0,0.0,0.0
0.0,0.0,0.0,0.0,0.0,0.0,0.0,0.0
0.0,0.0,0.0,0.0,0.0,0.0,0.0,0.0
0.0,0.0,0.0,0.0,0.0,0.0,0.0,0.0
0.0,0.0,0.0,0.0,0.0,0.0,0.0,0.0
0.0,0.0,0.0,0.0,0.0,0.0,0.0,0.0
0.0,0.0,0.0,0.0,0.0,0.0,0.0,0.0
0.0,0.0,0.0,0.0,0.0,0.0,0.0,0.0
0.0,0.0,0.0,0.0,0.0,0.0,0.0,0.0
0.0,0.0,0.0,0.0,0.0,0.0,0.0,0.0
0.0,0.0,0.0,0.0,0.0,0.0,0.0,0.0
0.0,0.0,0.0,0.0,0.0,0.0,0.0,0.0
0.0,0.0,0.0,0.0,0.0,0.0,0.0,0.0
0.0,0.0,0.0,0.0,0.0,0.0,0.0,0.0
0.0,0.0,0.0,0.0,0.0,0.0,0.0,0.0
0.0,0.0,0.0,0.0,0.0,0.0,0.0,0.0
0.0,0.0,0.0,0.0,0.0,0.0,0.0,0.0
0.0,0.0,0.0,0.0,0.0,0.0,0.0,0.0
0.0,0.0,0.0,0.0,0.0,0.0,0.0,0.0
0.0,0.0,0.0,0.0,0.0,0.0,0.0,0.0
0.0,0.0,0.0,0.0,0.0,0.0,0.0,0.0
0.0,0.0,0.0,0.0,0.0,0.0,0.0,0.0
0.0,0.0,0.0,0.0,0.0,0.0,0.0,0.0
0.0,0.0,0.0,0.0,0.0,0.0,0.0,0.0
0.0,0.0,0.0,0.0,0.0,0.0,0.0,0.0
0.0,0.0,0.0,0.0,0.0,0.0,0.0,0.0
0.0,0.0,0.0,0.0,0.0,0.0,0.0,0.0
0.0,0.0,0.0,0.0,0.0,0.0,0.0,0.0
0.0,0.0,0.0,0.0,0.0,0.0,0.0,0.0
0.0,0.0,0.0,0.0,0.0,0.0,0.0,0.0
0.0,0.0,0.0,0.0,0.0,0.0,0.0,0.0
0.0,0.0,0.0,0.0,0.0,0.0,0.0,0.0
0.0,0.0,0.0,0.0,0.0,0.0,0.0,0.0
0.0,0.0,0.0,0.0,0.0,0.0,0.0,0.0
0.0,0.0,0.0,0.0,0.0,0.0,0.0,0.0
0.0,0.0,0.0,0.0,0.0,0.0,0.0,0.0
0.0,0.0,0.0,0.0,0.0,0.0,0.0,0.0
0.0,0.0,0.0,0.0,0.0,0.0,0.0,0.0
0.0,0.0,0.0,0.0,0.0,0.0,0.0,0.0
0.0,0.0,0.0,0.0,0.0,0.0,0.0,0.0
0.0,0.0,0.0,0.0,0.0,0.0,0.0,0.0
0.0,0.0,0.0,0.0,0.0,0.0,0.0,0.0
0.0,0.0,0.0,0.0,0.0,0.0,0.0,0.0
0.0,0.0,0.0,0.0,0.0,0.0,0.0,0.0
0.0,0.0,0.0,0.0,0.0,0.0,0.0,0.0
0.0,0.0,0.0,0.0,0.0,0.0,0.0,0.0
0.0,0.0,0.0,0.0,0.0,0.0,0.0,0.0
0.0,0.0,0.0,0.0,0.0,0.0,0.0,0.0
0.0,0.0,0.0,0.0,0.0,0.0,0.0,0.0
0.0,0.0,0.0,0.0,0.0,0.0,0.0,0.0
0.0,0.0,0.0,0.0,0.0,0.0,0.0,0.0
0.0,0.0,0.0,0.0,0.0,0.0,0.0,0.0
0.0,0.0,0.0,0.0,0.0,0.0,0.0,0.0
0.0,0.0,0.0,0.0,0.0,0.0,0.0,0.0
0.0,0.0,0.0,0.0,0.0,0.0,0.0,0.0
0.0,0.0,0.0,0.0,0.0,0.0,0.0,0.0
0.0,0.0,0.0,0.0,0.0,0.0,0.0,0.0
0.0,0.0,0.0,0.0,0.0,0.0,0.0,0.0
0.0,0.0,0.0,0.0,0.0,0.0,0.0,0.0
0.0,0.0,0.0,0.0,0.0,0.0,0.0,0.0
0.0,0.0,0.0,0.0,0.0,0.0,0.0,0.0
0.0,0.0,0.0,0.0,0.0,0.0,0.0,0.0
0.0,0.0,0.0,0.0,0.0,0.0,0.0,0.0
0.0,0.0,0.0,0.0,0.0,0.0,0.0,0.0
0.0,0.0,0.0,0.0,0.0,0.0,0.0,0.0
0.0,0.0,0.0,0.0,0.0,0.0,0.0,0.0
0.0,0.0,0.0,0.0,0.0,0.0,0.0,0.0
0.0,0.0,0.0,0.0,0.0,0.0,0.0,0.0
0.0,0.0,0.0,0.0,0.0,0.0,0.0,0.0
0.0,0.0,0.0,0.0,0.0,0.0,0.0,0.0
0.0,0.0,0.0,0.0,0.0,0.0,0.0,0.0
0.0,0.0,0.0,0.0,0.0,0.0,0.0,0.0
0.0,0.0,0.0,0.0,0.0,0.0,0.0,0.0
0.0,0.0,0.0,0.0,0.0,0.0,0.0,0.0
0.0,0.0,0.0,0.0,0.0,0.0,0.0,0.0
0.0,0.0,0.0,0.0,0.0,0.0,0.0,0.0
0.0,0.0,0.0,0.0,0.0,0.0,0.0,0.0
0.0,0.0,0.0,0.0,0.0,0.0,0.0,0.0
0.0,0.0,0.0,0.0,0.0,0.0,0.0,0.0
0.0,0.0,0.0,0.0,0.0,0.0,0.0,0.0
0.0,0.0,0.0,0.0,0.0,0.0,0.0,0.0
0.0,0.0,0.0,0.0,0.0,0.0,0.0,0.0
0.0,0.0,0.0,0.0,0.0,0.0,0.0,0.0
0.0,0.0,0.0,0.0,0.0,0.0,0.0,0.0
0.0,0.0,0.0,0.0,0.0,0.0,0.0,0.0
0.0,0.0,0.0,0.0,0.0,0.0,0.0,0.0
0.0,0.0,0.0,0.0,0.0,0.0,0.0,0.0
0.0,0.0,0.0,0.0,0.0,0.0,0.0,0.0
0.0,0.0,0.0,0.0,0.0,0.0,0.0,0.0
0.0,0.0,0.0,0.0,0.0,0.0,0.0,0.0
0.0,0.0,0.0,0.0,0.0,0.0,0.0,0.0
0.0,0.0,0.0,0.0,0.0,0.0,0.0,0.0
0.0,0.0,0.0,0.0,0.0,0.0,0.0,0.0
0.0,0.0,0.0,0.0,0.0,0.0,0.0,0.0
0.0,0.0,0.0,0.0,0.0,0.0,0.0,0.0
0.0,0.0,0.0,0.0,0.0,0.0,0.0,0.0
0.0,0.0,0.0,0.0,0.0,0.0,0.0,0.0
0.0,0.0,0.0,0.0,0.0,0.0,0.0,0.0
0.0,0.0,0.0,0.0,0.0,0.0,0.0,0.0
0.0,0.0,0.0,0.0,0.0,0.0,0.0,0.0
0.0,0.0,0.0,0.0,0.0,0.0,0.0,0.0
0.0,0.0,0.0,0.0,0.0,0.0,0.0,0.0
0.0,0.0,0.0,0.0,0.0,0.0,0.0,0.0
0.0,0.0,0.0,0.0,0.0,0.0,0.0,0.0
0.0,0.0,0.0,0.0,0.0,0.0,0.0,0.0
0.0,0.0,0.0,0.0,0.0,0.0,0.0,0.0
0.0,0.0,0.0,0.0,0.0,0.0,0.0,0.0
0.0,0.0,0.0,0.0,0.0,0.0,0.0,0.0
0.0,0.0,0.0,0.0,0.0,0.0,0.0,0.0
0.0,0.0,0.0,0.0,0.0,0.0,0.0,0.0
0.0,0.0,0.0,0.0,0.0,0.0,0.0,0.0
0.0,0.0,0.0,0.0,0.0,0.0,0.0,0.0
0.0,0.0,0.0,0.0,0.0,0.0,0.0,0.0
0.0,0.0,0.0,0.0,0.0,0.0,0.0,0.0
0.0,0.0,0.0,0.0,0.0,0.0,0.0,0.0
0.0,0.0,0.0,0.0,0.0,0.0,0.0,0.0
0.0,0.0,0.0,0.0,0.0,0.0,0.0,0.0
0.0,0.0,0.0,0.0,0.0,0.0,0.0,0.0
0.0,0.0,0.0,0.0,0.0,0.0,0.0,0.0
0.0,0.0,0.0,0.0,0.0,0.0,0.0,0.0
0.0,0.0,0.0,0.0,0.0,0.0,0.0,0.0
0.0,0.0,0.0,0.0,0.0,0.0,0.0,0.0
0.0,0.0,0.0,0.0,0.0,0.0,0.0,0.0
0.0,0.0,0.0,0.0,0.0,0.0,0.0,0.0
0.0,0.0,0.0,0.0,0.0,0.0,0.0,0.0
0.0,0.0,0.0,0.0,0.0,0.0,0.0,0.0
0.0,0.0,0.0,0.0,0.0,0.0,0.0,0.0
0.0,0.0,0.0,0.0,0.0,0.0,0.0,0.0
0.0,0.0,0.0,0.0,0.0,0.0,0.0,0.0
0.0,0.0,0.0,0.0,0.0,0.0,0.0,0.0
0.0,0.0,0.0,0.0,0.0,0.0,0.0,0.0
0.0,0.0,0.0,0.0,0.0,0.0,0.0,0.0
0.0,0.0,0.0,0.0,0.0,0.0,0.0,0.0
0.0,0.0,0.0,0.0,0.0,0.0,0.0,0.0
0.0,0.0,0.0,0.0,0.0,0.0,0.0,0.0
0.0,0.0,0.0,0.0,0.0,0.0,0.0,0.0
0.0,0.0,0.0,0.0,0.0,0.0,0.0,0.0
0.0,0.0,0.0,0.0,0.0,0.0,0.0,0.0
0.0,0.0,0.0,0.0,0.0,0.0,0.0,0.0
0.0,0.0,0.0,0.0,0.0,0.0,0.0,0.0
0.0,0.0,0.0,0.0,0.0,0.0,0.0,0.0
0.0,0.0,0.0,0.0,0.0,0.0,0.0,0.0
0.0,0.0,0.0,0.0,0.0,0.0,0.0,0.0
0.0,0.0,0.0,0.0,0.0,0.0,0.0,0.0
0.0,0.0,0.0,0.0,0.0,0.0,0.0,0.0
0.0,0.0,0.0,0.0,0.0,0.0,0.0,0.0
0.0,0.0,0.0,0.0,0.0,0.0,0.0,0.0
0.0,0.0,0.0,0.0,0.0,0.0,0.0,0.0
0.0,0.0,0.0,0.0,0.0,0.0,0.0,0.0
0.0,0.0,0.0,0.0,0.0,0.0,0.0,0.0
0.0,0.0,0.0,0.0,0.0,0.0,0.0,0.0
0.0,0.0,0.0,0.0,0.0,0.0,0.0,0.0
0.0,0.0,0.0,0.0,0.0,0.0,0.0,0.0
0.0,0.0,0.0,0.0,0.0,0.0,0.0,0.0
0.0,0.0,0.0,0.0,0.0,0.0,0.0,0.0
0.0,0.0,0.0,0.0,0.0,0.0,0.0,0.0
0.0,0.0,0.0,0.0,0.0,0.0,0.0,0.0
0.0,0.0,0.0,0.0,0.0,0.0,0.0,0.0
0.0,0.0,0.0,0.0,0.0,0.0,0.0,0.0
0.0,0.0,0.0,0.0,0.0,0.0,0.0,0.0
0.0,0.0,0.0,0.0,0.0,0.0,0.0,0.0
0.0,0.0,0.0,0.0,0.0,0.0,0.0,0.0
0.0,0.0,0.0,0.0,0.0,0.0,0.0,0.0
0.0,0.0,0.0,0.0,0.0,0.0,0.0,0.0
0.0,0.0,0.0,0.0,0.0,0.0,0.0,0.0
0.0,0.0,0.0,0.0,0.0,0.0,0.0,0.0
0.0,0.0,0.0,0.0,0.0,0.0,0.0,0.0
0.0,0.0,0.0,0.0,0.0,0.0,0.0,0.0
0.0,0.0,0.0,0.0,0.0,0.0,0.0,0.0
0.0,0.0,0.0,0.0,0.0,0.0,0.0,0.0
0.0,0.0,0.0,0.0,0.0,0.0,0.0,0.0
0.0,0.0,0.0,0.0,0.0,0.0,0.0,0.0
0.0,0.0,0.0,0.0,0.0,0.0,0.0,0.0
0.0,0.0,0.0,0.0,0.0,0.0,0.0,0.0
0.0,0.0,0.0,0.0,0.0,0.0,0.0,0.0
0.0,0.0,0.0,0.0,0.0,0.0,0.0,0.0
0.0,0.0,0.0,0.0,0.0,0.0,0.0,0.0
0.0,0.0,0.0,0.0,0.0,0.0,0.0,0.0
0.0,0.0,0.0,0.0,0.0,0.0,0.0,0.0
0.0,0.0,0.0,0.0,0.0,0.0,0.0,0.0
0.0,0.0,0.0,0.0,0.0,0.0,0.0,0.0
0.0,0.0,0.0,0.0,0.0,0.0,0.0,0.0
0.0,0.0,0.0,0.0,0.0,0.0,0.0,0.0
0.0,0.0,0.0,0.0,0.0,0.0,0.0,0.0
0.0,0.0,0.0,0.0,0.0,0.0,0.0,0.0
0.0,0.0,0.0,0.0,0.0,0.0,0.0,0.0
0.0,0.0,0.0,0.0,0.0,0.0,0.0,0.0
0.0,0.0,0.0,0.0,0.0,0.0,0.0,0.0
0.0,0.0,0.0,0.0,0.0,0.0,0.0,0.0
0.0,0.0,0.0,0.0,0.0,0.0,0.0,0.0
0.0,0.0,0.0,0.0,0.0,0.0,0.0,0.0
0.0,0.0,0.0,0.0,0.0,0.0,0.0,0.0
0.0,0.0,0.0,0.0,0.0,0.0,0.0,0.0
0.0,0.0,0.0,0.0,0.0,0.0,0.0,0.0
0.0,0.0,0.0,0.0,0.0,0.0,0.0,0.0
0.0,0.0,0.0,0.0,0.0,0.0,0.0,0.0
0.0,0.0,0.0,0.0,0.0,0.0,0.0,0.0
0.0,0.0,0.0,0.0,0.0,0.0,0.0,0.0
0.0,0.0,0.0,0.0,0.0,0.0,0.0,0.0
0.0,0.0,0.0,0.0,0.0,0.0,0.0,0.0
0.0,0.0,0.0,0.0,0.0,0.0,0.0,0.0
0.0,0.0,0.0,0.0,0.0,0.0,0.0,0.0
0.0,0.0,0.0,0.0,0.0,0.0,0.0,0.0
0.0,0.0,0.0,0.0,0.0,0.0,0.0,0.0
0.0,0.0,0.0,0.0,0.0,0.0,0.0,0.0
0.0,0.0,0.0,0.0,0.0,0.0,0.0,0.0
0.0,0.0,0.0,0.0,0.0,0.0,0.0,0.0
0.0,0.0,0.0,0.0,0.0,0.0,0.0,0.0
0.0,0.0,0.0,0.0,0.0,0.0,0.0,0.0
0.0,0.0,0.0,0.0,0.0,0.0,0.0,0.0
0.0,0.0,0.0,0.0,0.0,0.0,0.0,0.0
0.0,0.0,0.0,0.0,0.0,0.0,0.0,0.0
0.0,0.0,0.0,0.0,0.0,0.0,0.0,0.0
0.0,0.0,0.0,0.0,0.0,0.0,0.0,0.0
0.0,0.0,0.0,0.0,0.0,0.0,0.0,0.0
0.0,0.0,0.0,0.0,0.0,0.0,0.0,0.0
0.0,0.0,0.0,0.0,0.0,0.0,0.0,0.0
0.0,0.0,0.0,0.0,0.0,0.0,0.0,0.0
0.0,0.0,0.0,0.0,0.0,0.0,0.0,0.0
0.0,0.0,0.0,0.0,0.0,0.0,0.0,0.0
0.0,0.0,0.0,0.0,0.0,0.0,0.0,0.0
0.0,0.0,0.0,0.0,0.0,0.0,0.0,0.0
0.0,0.0,0.0,0.0,0.0,0.0,0.0,0.0
0.0,0.0,0.0,0.0,0.0,0.0,0.0,0.0
0.0,0.0,0.0,0.0,0.0,0.0,0.0,0.0
0.0,0.0,0.0,0.0,0.0,0.0,0.0,0.0
0.0,0.0,0.0,0.0,0.0,0.0,0.0,0.0
0.0,0.0,0.0,0.0,0.0,0.0,0.0,0.0
0.0,0.0,0.0,0.0,0.0,0.0,0.0,0.0
0.0,0.0,0.0,0.0,0.0,0.0,0.0,0.0
0.0,0.0,0.0,0.0,0.0,0.0,0.0,0.0
0.0,0.0,0.0,0.0,0.0,0.0,0.0,0.0
0.0,0.0,0.0,0.0,0.0,0.0,0.0,0.0
0.0,0.0,0.0,0.0,0.0,0.0,0.0,0.0
0.0,0.0,0.0,0.0,0.0,0.0,0.0,0.0
0.0,0.0,0.0,0.0,0.0,0.0,0.0,0.0
0.0,0.0,0.0,0.0,0.0,0.0,0.0,0.0
0.0,0.0,0.0,0.0,0.0,0.0,0.0,0.0
0.0,0.0,0.0,0.0,0.0,0.0,0.0,0.0
0.0,0.0,0.0,0.0,0.0,0.0,0.0,0.0
0.0,0.0,0.0,0.0,0.0,0.0,0.0,0.0
0.0,0.0,0.0,0.0,0.0,0.0,0.0,0.0
0.0,0.0,0.0,0.0,0.0,0.0,0.0,0.0
0.0,0.0,0.0,0.0,0.0,0.0,0.0,0.0
0.0,0.0,0.0,0.0,0.0,0.0,0.0,0.0
0.0,0.0,0.0,0.0,0.0,0.0,0.0,0.0
0.0,0.0,0.0,0.0,0.0,0.0,0.0,0.0
0.0,0.0,0.0,0.0,0.0,0.0,0.0,0.0
0.0,0.0,0.0,0.0,0.0,0.0,0.0,0.0
0.0,0.0,0.0,0.0,0.0,0.0,0.0,0.0
0.0,0.0,0.0,0.0,0.0,0.0,0.0,0.0
0.0,0.0,0.0,0.0,0.0,0.0,0.0,0.0
0.0,0.0,0.0,0.0,0.0,0.0,0.0,0.0
0.0,0.0,0.0,0.0,0.0,0.0,0.0,0.0
0.0,0.0,0.0,0.0,0.0,0.0,0.0,0.0
0.0,0.0,0.0,0.0,0.0,0.0,0.0,0.0
0.0,0.0,0.0,0.0,0.0,0.0,0.0,0.0
0.0,0.0,0.0,0.0,0.0,0.0,0.0,0.0
0.0,0.0,0.0,0.0,0.0,0.0,0.0,0.0
0.0,0.0,0.0,0.0,0.0,0.0,0.0,0.0
0.0,0.0,0.0,0.0,0.0,0.0,0.0,0.0
0.0,0.0,0.0,0.0,0.0,0.0,0.0,0.0
0.0,0.0,0.0,0.0,0.0,0.0,0.0,0.0
0.0,0.0,0.0,0.0,0.0,0.0,0.0,0.0
0.0,0.0,0.0,0.0,0.0,0.0,0.0,0.0
0.0,0.0,0.0,0.0,0.0,0.0,0.0,0.0
0.0,0.0,0.0,0.0,0.0,0.0,0.0,0.0
0.0,0.0,0.0,0.0,0.0,0.0,0.0,0.0
0.0,0.0,0.0,0.0,0.0,0.0,0.0,0.0
0.0,0.0,0.0,0.0,0.0,0.0,0.0,0.0
0.0,0.0,0.0,0.0,0.0,0.0,0.0,0.0
0.0,0.0,0.0,0.0,0.0,0.0,0.0,0.0
0.0,0.0,0.0,0.0,0.0,0.0,0.0,0.0
0.0,0.0,0.0,0.0,0.0,0.0,0.0,0.0
0.0,0.0,0.0,0.0,0.0,0.0,0.0,0.0
0.0,0.0,0.0,0.0,0.0,0.0,0.0,0.0
0.0,0.0,0.0,0.0,0.0,0.0,0.0,0.0
0.0,0.0,0.0,0.0,0.0,0.0,0.0,0.0
0.0,0.0,0.0,0.0,0.0,0.0,0.0,0.0
0.0,0.0,0.0,0.0,0.0,0.0,0.0,0.0
0.0,0.0,0.0,0.0,0.0,0.0,0.0,0.0
0.0,0.0,0.0,0.0,0.0,0.0,0.0,0.0
0.0,0.0,0.0,0.0,0.0,0.0,0.0,0.0
0.0,0.0,0.0,0.0,0.0,0.0,0.0,0.0
0.0,0.0,0.0,0.0,0.0,0.0,0.0,0.0
0.0,0.0,0.0,0.0,0.0,0.0,0.0,0.0
0.0,0.0,0.0,0.0,0.0,0.0,0.0,0.0
0.0,0.0,0.0,0.0,0.0,0.0,0.0,0.0
0.0,0.0,0.0,0.0,0.0,0.0,0.0,0.0
0.0,0.0,0.0,0.0,0.0,0.0,0.0,0.0
0.0,0.0,0.0,0.0,0.0,0.0,0.0,0.0
0.0,0.0,0.0,0.0,0.0,0.0,0.0,0.0
0.0,0.0,0.0,0.0,0.0,0.0,0.0,0.0
0.0,0.0,0.0,0.0,0.0,0.0,0.0,0.0
0.0,0.0,0.0,0.0,0.0,0.0,0.0,0.0
0.0,0.0,0.0,0.0,0.0,0.0,0.0,0.0
0.0,0.0,0.0,0.0,0.0,0.0,0.0,0.0
0.0,0.0,0.0,0.0,0.0,0.0,0.0,0.0
0.0,0.0,0.0,0.0,0.0,0.0,0.0,0.0
0.0,0.0,0.0,0.0,0.0,0.0,0.0,0.0
0.0,0.0,0.0,0.0,0.0,0.0,0.0,0.0
0.0,0.0,0.0,0.0,0.0,0.0,0.0,0.0
0.0,0.0,0.0,0.0,0.0,0.0,0.0,0.0
0.0,0.0,0.0,0.0,0.0,0.0,0.0,0.0
0.0,0.0,0.0,0.0,0.0,0.0,0.0,0.0
0.0,0.0,0.0,0.0,0.0,0.0,0.0,0.0
0.0,0.0,0.0,0.0,0.0,0.0,0.0,0.0
0.0,0.0,0.0,0.0,0.0,0.0,0.0,0.0
0.0,0.0,0.0,0.0,0.0,0.0,0.0,0.0
0.0,0.0,0.0,0.0,0.0,0.0,0.0,0.0
0.0,0.0,0.0,0.0,0.0,0.0,0.0,0.0
0.0,0.0,0.0,0.0,0.0,0.0,0.0,0.0
0.0,0.0,0.0,0.0,0.0,0.0,0.0,0.0
0.0,0.0,0.0,0.0,0.0,0.0,0.0,0.0
0.0,0.0,0.0,0.0,0.0,0.0,0.0,0.0
0.0,0.0,0.0,0.0,0.0,0.0,0.0,0.0
0.0,0.0,0.0,0.0,0.0,0.0,0.0,0.0
0.0,0.0,0.0,0.0,0.0,0.0,0.0,0.0
0.0,0.0,0.0,0.0,0.0,0.0,0.0,0.0
0.0,0.0,0.0,0.0,0.0,0.0,0.0,0.0
0.0,0.0,0.0,0.0,0.0,0.0,0.0,0.0
0.0,0.0,0.0,0.0,0.0,0.0,0.0,0.0
0.0,0.0,0.0,0.0,0.0,0.0,0.0,0.0
0.0,0.0,0.0,0.0,0.0,0.0,0.0,0.0
0.0,0.0,0.0,0.0,0.0,0.0,0.0,0.0
0.0,0.0,0.0,0.0,0.0,0.0,0.0,0.0
0.0,0.0,0.0,0.0,0.0,0.0,0.0,0.0
0.0,0.0,0.0,0.0,0.0,0.0,0.0,0.0
0.0,0.0,0.0,0.0,0.0,0.0,0.0,0.0
0.0,0.0,0.0,0.0,0.0,0.0,0.0,0.0
0.0,0.0,0.0,0.0,0.0,0.0,0.0,0.0
0.0,0.0,0.0,0.0,0.0,0.0,0.0,0.0
0.0,0.0,0.0,0.0,0.0,0.0,0.0,0.0
0.0,0.0,0.0,0.0,0.0,0.0,0.0,0.0
0.0,0.0,0.0,0.0,0.0,0.0,0.0,0.0
0.0,0.0,0.0,0.0,0.0,0.0,0.0,0.0
0.0,0.0,0.0,0.0,0.0,0.0,0.0,0.0
0.0,0.0,0.0,0.0,0.0,0.0,0.0,0.0
0.0,0.0,0.0,0.0,0.0,0.0,0.0,0.0
0.0,0.0,0.0,0.0,0.0,0.0,0.0,0.0
0.0,0.0,0.0,0.0,0.0,0.0,0.0,0.0
0.0,0.0,0.0,0.0,0.0,0.0,0.0,0.0
0.0,0.0,0.0,0.0,0.0,0.0,0.0,0.0
0.0,0.0,0.0,0.0,0.0,0.0,0.0,0.0
0.0,0.0,0.0,0.0,0.0,0.0,0.0,0.0
0.0,0.0,0.0,0.0,0.0,0.0,0.0,0.0
0.0,0.0,0.0,0.0,0.0,0.0,0.0,0.0
0.0,0.0,0.0,0.0,0.0,0.0,0.0,0.0
0.0,0.0,0.0,0.0,0.0,0.0,0.0,0.0
0.0,0.0,0.0,0.0,0.0,0.0,0.0,0.0
0.0,0.0,0.0,0.0,0.0,0.0,0.0,0.0
0.0,0.0,0.0,0.0,0.0,0.0,0.0,0.0
0.0,0.0,0.0,0.0,0.0,0.0,0.0,0.0
0.0,0.0,0.0,0.0,0.0,0.0,0.0,0.0
0.0,0.0,0.0,0.0,0.0,0.0,0.0,0.0
0.0,0.0,0.0,0.0,0.0,0.0,0.0,0.0
0.0,0.0,0.0,0.0,0.0,0.0,0.0,0.0
0.0,0.0,0.0,0.0,0.0,0.0,0.0,0.0
0.0,0.0,0.0,0.0,0.0,0.0,0.0,0.0
0.0,0.0,0.0,0.0,0.0,0.0,0.0,0.0
0.0,0.0,0.0,0.0,0.0,0.0,0.0,0.0
0.0,0.0,0.0,0.0,0.0,0.0,0.0,0.0
0.0,0.0,0.0,0.0,0.0,0.0,0.0,0.0
0.0,0.0,0.0,0.0,0.0,0.0,0.0,0.0
0.0,0.0,0.0,0.0,0.0,0.0,0.0,0.0
0.0,0.0,0.0,0.0,0.0,0.0,0.0,0.0
0.0,0.0,0.0,0.0,0.0,0.0,0.0,0.0
0.0,0.0,0.0,0.0,0.0,0.0,0.0,0.0
0.0,0.0,0.0,0.0,0.0,0.0,0.0,0.0
0.0,0.0,0.0,0.0,0.0,0.0,0.0,0.0
0.0,0.0,0.0,0.0,0.0,0.0,0.0,0.0
0.0,0.0,0.0,0.0,0.0,0.0,0.0,0.0
0.0,0.0,0.0,0.0,0.0,0.0,0.0,0.0
0.0,0.0,0.0,0.0,0.0,0.0,0.0,0.0
0.0,0.0,0.0,0.0,0.0,0.0,0.0,0.0
0.0,0.0,0.0,0.0,0.0,0.0,0.0,0.0
0.0,0.0,0.0,0.0,0.0,0.0,0.0,0.0
0.0,0.0,0.0,0.0,0.0,0.0,0.0,0.0
0.0,0.0,0.0,0.0,0.0,0.0,0.0,0.0
0.0,0.0,0.0,0.0,0.0,0.0,0.0,0.0
0.0,0.0,0.0,0.0,0.0,0.0,0.0,0.0
0.0,0.0,0.0,0.0,0.0,0.0,0.0,0.0
0.0,0.0,0.0,0.0,0.0,0.0,0.0,0.0
0.0,0.0,0.0,0.0,0.0,0.0,0.0,0.0
0.0,0.0,0.0,0.0,0.0,0.0,0.0,0.0
0.0,0.0,0.0,0.0,0.0,0.0,0.0,0.0
0.0,0.0,0.0,0.0,0.0,0.0,0.0,0.0
0.0,0.0,0.0,0.0,0.0,0.0,0.0,0.0
0.0,0.0,0.0,0.0,0.0,0.0,0.0,0.0
0.0,0.0,0.0,0.0,0.0,0.0,0.0,0.0
0.0,0.0,0.0,0.0,0.0,0.0,0.0,0.0
0.0,0.0,0.0,0.0,0.0,0.0,0.0,0.0
0.0,0.0,0.0,0.0,0.0,0.0,0.0,0.0
0.0,0.0,0.0,0.0,0.0,0.0,0.0,0.0
0.0,0.0,0.0,0.0,0.0,0.0,0.0,0.0
0.0,0.0,0.0,0.0,0.0,0.0,0.0,0.0
0.0,0.0,0.0,0.0,0.0,0.0,0.0,0.0
0.0,0.0,0.0,0.0,0.0,0.0,0.0,0.0
0.0,0.0,0.0,0.0,0.0,0.0,0.0,0.0
0.0,0.0,0.0,0.0,0.0,0.0,0.0,0.0
0.0,0.0,0.0,0.0,0.0,0.0,0.0,0.0
0.0,0.0,0.0,0.0,0.0,0.0,0.0,0.0
0.0,0.0,0.0,0.0,0.0,0.0,0.0,0.0
0.0,0.0,0.0,0.0,0.0,0.0,0.0,0.0
0.0,0.0,0.0,0.0,0.0,0.0,0.0,0.0
0.0,0.0,0.0,0.0,0.0,0.0,0.0,0.0
0.0,0.0,0.0,0.0,0.0,0.0,0.0,0.0
0.0,0.0,0.0,0.0,0.0,0.0,0.0,0.0
0.0,0.0,0.0,0.0,0.0,0.0,0.0,0.0
0.0,0.0,0.0,0.0,0.0,0.0,0.0,0.0
0.0,0.0,0.0,0.0,0.0,0.0,0.0,0.0
0.0,0.0,0.0,0.0,0.0,0.0,0.0,0.0
0.0,0.0,0.0,0.0,0.0,0.0,0.0,0.0
0.0,0.0,0.0,0.0,0.0,0.0,0.0,0.0
0.0,0.0,0.0,0.0,0.0,0.0,0.0,0.0
0.0,0.0,0.0,0.0,0.0,0.0,0.0,0.0
0.0,0.0,0.0,0.0,0.0,0.0,0.0,0.0
0.0,0.0,0.0,0.0,0.0,0.0,0.0,0.0
0.0,0.0,0.0,0.0,0.0,0.0,0.0,0.0
0.0,0.0,0.0,0.0,0.0,0.0,0.0,0.0
0.0,0.0,0.0,0.0,0.0,0.0,0.0,0.0
0.0,0.0,0.0,0.0,0.0,0.0,0.0,0.0
0.0,0.0,0.0,0.0,0.0,0.0,0.0,0.0
0.0,0.0,0.0,0.0,0.0,0.0,0.0,0.0
0.0,0.0,0.0,0.0,0.0,0.0,0.0,0.0
0.0,0.0,0.0,0.0,0.0,0.0,0.0,0.0
0.0,0.0,0.0,0.0,0.0,0.0,0.0,0.0
0.0,0.0,0.0,0.0,0.0,0.0,0.0,0.0
0.0,0.0,0.0,0.0,0.0,0.0,0.0,0.0
0.0,0.0,0.0,0.0,0.0,0.0,0.0,0.0
0.0,0.0,0.0,0.0,0.0,0.0,0.0,0.0
0.0,0.0,0.0,0.0,0.0,0.0,0.0,0.0
0.0,0.0,0.0,0.0,0.0,0.0,0.0,0.0
0.0,0.0,0.0,0.0,0.0,0.0,0.0,0.0
0.0,0.0,0.0,0.0,0.0,0.0,0.0,0.0
0.0,0.0,0.0,0.0,0.0,0.0,0.0,0.0
0.0,0.0,0.0,0.0,0.0,0.0,0.0,0.0
0.0,0.0,0.0,0.0,0.0,0.0,0.0,0.0
0.0,0.0,0.0,0.0,0.0,0.0,0.0,0.0
0.0,0.0,0.0,0.0,0.0,0.0,0.0,0.0
0.0,0.0,0.0,0.0,0.0,0.0,0.0,0.0
0.0,0.0,0.0,0.0,0.0,0.0,0.0,0.0
0.0,0.0,0.0,0.0,0.0,0.0,0.0,0.0
0.0,0.0,0.0,0.0,0.0,0.0,0.0,0.0
0.0,0.0,0.0,0.0,0.0,0.0,0.0,0.0
0.0,0.0,0.0,0.0,0.0,0.0,0.0,0.0
0.0,0.0,0.0,0.0,0.0,0.0,0.0,0.0
0.0,0.0,0.0,0.0,0.0,0.0,0.0,0.0
0.0,0.0,0.0,0.0,0.0,0.0,0.0,0.0
0.0,0.0,0.0,0.0,0.0,0.0,0.0,0.0
0.0,0.0,0.0,0.0,0.0,0.0,0.0,0.0
0.0,0.0,0.0,0.0,0.0,0.0,0.0,0.0
0.0,0.0,0.0,0.0,0.0,0.0,0.0,0.0
0.0,0.0,0.0,0.0,0.0,0.0,0.0,0.0
0.0,0.0,0.0,0.0,0.0,0.0,0.0,0.0
0.0,0.0,0.0,0.0,0.0,0.0,0.0,0.0
0.0,0.0,0.0,0.0,0.0,0.0,0.0,0.0
0.0,0.0,0.0,0.0,0.0,0.0,0.0,0.0
0.0,0.0,0.0,0.0,0.0,0.0,0.0,0.0
0.0,0.0,0.0,0.0,0.0,0.0,0.0,0.0
0.0,0.0,0.0,0.0,0.0,0.0,0.0,0.0
0.0,0.0,0.0,0.0,0.0,0.0,0.0,0.0
0.0,0.0,0.0,0.0,0.0,0.0,0.0,0.0
0.0,0.0,0.0,0.0,0.0,0.0,0.0,0.0
0.0,0.0,0.0,0.0,0.0,0.0,0.0,0.0
0.0,0.0,0.0,0.0,0.0,0.0,0.0,0.0
0.0,0.0,0.0,0.0,0.0,0.0,0.0,0.0
0.0,0.0,0.0,0.0,0.0,0.0,0.0,0.0
0.0,0.0,0.0,0.0,0.0,0.0,0.0,0.0
0.0,0.0,0.0,0.0,0.0,0.0,0.0,0.0
0.0,0.0,0.0,0.0,0.0,0.0,0.0,0.0
0.0,0.0,0.0,0.0,0.0,0.0,0.0,0.0
0.0,0.0,0.0,0.0,0.0,0.0,0.0,0.0
0.0,0.0,0.0,0.0,0.0,0.0,0.0,0.0
0.0,0.0,0.0,0.0,0.0,0.0,0.0,0.0
0.0,0.0,0.0,0.0,0.0,0.0,0.0,0.0
0.0,0.0,0.0,0.0,0.0,0.0,0.0,0.0
0.0,0.0,0.0,0.0,0.0,0.0,0.0,0.0
0.0,0.0,0.0,0.0,0.0,0.0,0.0,0.0
0.0,0.0,0.0,0.0,0.0,0.0,0.0,0.0
0.0,0.0,0.0,0.0,0.0,0.0,0.0,0.0
0.0,0.0,0.0,0.0,0.0,0.0,0.0,0.0
0.0,0.0,0.0,0.0,0.0,0.0,0.0,0.0
0.0,0.0,0.0,0.0,0.0,0.0,0.0,0.0
0.0,0.0,0.0,0.0,0.0,0.0,0.0,0.0
0.0,0.0,0.0,0.0,0.0,0.0,0.0,0.0
0.0,0.0,0.0,0.0,0.0,0.0,0.0,0.0
0.0,0.0,0.0,0.0,0.0,0.0,0.0,0.0
0.0,0.0,0.0,0.0,0.0,0.0,0.0,0.0
0.0,0.0,0.0,0.0,0.0,0.0,0.0,0.0
0.0,0.0,0.0,0.0,0.0,0.0,0.0,0.0
0.0,0.0,0.0,0.0,0.0,0.0,0.0,0.0
0.0,0.0,0.0,0.0,0.0,0.0,0.0,0.0
0.0,0.0,0.0,0.0,0.0,0.0,0.0,0.0
0.0,0.0,0.0,0.0,0.0,0.0,0.0,0.0
0.0,0.0,0.0,0.0,0.0,0.0,0.0,0.0
0.0,0.0,0.0,0.0,0.0,0.0,0.0,0.0
0.0,0.0,0.0,0.0,0.0,0.0,0.0,0.0
0.0,0.0,0.0,0.0,0.0,0.0,0.0,0.0
0.0,0.0,0.0,0.0,0.0,0.0,0.0,0.0
0.0,0.0,0.0,0.0,0.0,0.0,0.0,0.0
0.0,0.0,0.0,0.0,0.0,0.0,0.0,0.0
0.0,0.0,0.0,0.0,0.0,0.0,0.0,0.0
0.0,0.0,0.0,0.0,0.0,0.0,0.0,0.0
0.0,0.0,0.0,0.0,0.0,0.0,0.0,0.0
0.0,0.0,0.0,0.0,0.0,0.0,0.0,0.0
0.0,0.0,0.0,0.0,0.0,0.0,0.0,0.0
0.0,0.0,0.0,0.0,0.0,0.0,0.0,0.0
0.0,0.0,0.0,0.0,0.0,0.0,0.0,0.0
0.0,0.0,0.0,0.0,0.0,0.0,0.0,0.0
0.0,0.0,0.0,0.0,0.0,0.0,0.0,0.0
0.0,0.0,0.0,0.0,0.0,0.0,0.0,0.0
0.0,0.0,0.0,0.0,0.0,0.0,0.0,0.0
0.0,0.0,0.0,0.0,0.0,0.0,0.0,0.0
0.0,0.0,0.0,0.0,0.0,0.0,0.0,0.0
0.0,0.0,0.0,0.0,0.0,0.0,0.0,0.0
0.0,0.0,0.0,0.0,0.0,0.0,0.0,0.0
0.0,0.0,0.0,0.0,0.0,0.0,0.0,0.0
0.0,0.0,0.0,0.0,0.0,0.0,0.0,0.0
0.0,0.0,0.0,0.0,0.0,0.0,0.0,0.0
0.0,0.0,0.0,0.0,0.0,0.0,0.0,0.0
0.0,0.0,0.0,0.0,0.0,0.0,0.0,0.0
0.0,0.0,0.0,0.0,0.0,0.0,0.0,0.0
0.0,0.0,0.0,0.0,0.0,0.0,0.0,0.0
0.0,0.0,0.0,0.0,0.0,0.0,0.0,0.0
0.0,0.0,0.0,0.0,0.0,0.0,0.0,0.0
0.0,0.0,0.0,0.0,0.0,0.0,0.0,0.0
0.0,0.0,0.0,0.0,0.0,0.0,0.0,0.0
0.0,0.0,0.0,0.0,0.0,0.0,0.0,0.0
0.0,0.0,0.0,0.0,0.0,0.0,0.0,0.0
0.0,0.0,0.0,0.0,0.0,0.0,0.0,0.0
0.0,0.0,0.0,0.0,0.0,0.0,0.0,0.0
0.0,0.0,0.0,0.0,0.0,0.0,0.0,0.0
0.0,0.0,0.0,0.0,0.0,0.0,0.0,0.0
0.0,0.0,0.0,0.0,0.0,0.0,0.0,0.0
0.0,0.0,0.0,0.0,0.0,0.0,0.0,0.0
0.0,0.0,0.0,0.0,0.0,0.0,0.0,0.0
0.0,0.0,0.0,0.0,0.0,0.0,0.0,0.0
0.0,0.0,0.0,0.0,0.0,0.0,0.0,0.0
0.0,0.0,0.0,0.0,0.0,0.0,0.0,0.0
0.0,0.0,0.0,0.0,0.0,0.0,0.0,0.0
0.0,0.0,0.0,0.0,0.0,0.0,0.0,0.0
0.0,0.0,0.0,0.0,0.0,0.0,0.0,0.0
0.0,0.0,0.0,0.0,0.0,0.0,0.0,0.0
0.0,0.0,0.0,0.0,0.0,0.0,0.0,0.0
0.0,0.0,0.0,0.0,0.0,0.0,0.0,0.0
0.0,0.0,0.0,0.0,0.0,0.0,0.0,0.0
0.0,0.0,0.0,0.0,0.0,0.0,0.0,0.0
0.0,0.0,0.0,0.0,0.0,0.0,0.0,0.0
0.0,0.0,0.0,0.0,0.0,0.0,0.0,0.0
0.0,0.0,0.0,0.0,0.0,0.0,0.0,0.0
0.0,0.0,0.0,0.0,0.0,0.0,0.0,0.0
0.0,0.0,0.0,0.0,0.0,0.0,0.0,0.0
0.0,0.0,0.0,0.0,0.0,0.0,0.0,0.0
0.0,0.0,0.0,0.0,0.0,0.0,0.0,0.0
0.0,0.0,0.0,0.0,0.0,0.0,0.0,0.0
0.0,0.0,0.0,0.0,0.0,0.0,0.0,0.0
0.0,0.0,0.0,0.0,0.0,0.0,0.0,0.0
0.0,0.0,0.0,0.0,0.0,0.0,0.0,0.0
0.0,0.0,0.0,0.0,0.0,0.0,0.0,0.0
0.0,0.0,0.0,0.0,0.0,0.0,0.0,0.0
0.0,0.0,0.0,0.0,0.0,0.0,0.0,0.0
0.0,0.0,0.0,0.0,0.0,0.0,0.0,0.0
0.0,0.0,0.0,0.0,0.0,0.0,0.0,0.0
0.0,0.0,0.0,0.0,0.0,0.0,0.0,0.0
0.0,0.0,0.0,0.0,0.0,0.0,0.0,0.0
0.0,0.0,0.0,0.0,0.0,0.0,0.0,0.0
0.0,0.0,0.0,0.0,0.0,0.0,0.0,0.0
0.0,0.0,0.0,0.0,0.0,0.0,0.0,0.0
0.0,0.0,0.0,0.0,0.0,0.0,0.0,0.0
0.0,0.0,0.0,0.0,0.0,0.0,0.0,0.0
0.0,0.0,0.0,0.0,0.0,0.0,0.0,0.0
0.0,0.0,0.0,0.0,0.0,0.0,0.0,0.0
0.0,0.0,0.0,0.0,0.0,0.0,0.0,0.0
0.0,0.0,0.0,0.0,0.0,0.0,0.0,0.0
0.0,0.0,0.0,0.0,0.0,0.0,0.0,0.0
0.0,0.0,0.0,0.0,0.0,0.0,0.0,0.0
0.0,0.0,0.0,0.0,0.0,0.0,0.0,0.0
0.0,0.0,0.0,0.0,0.0,0.0,0.0,0.0
0.0,0.0,0.0,0.0,0.0,0.0,0.0,0.0
0.0,0.0,0.0,0.0,0.0,0.0,0.0,0.0
0.0,0.0,0.0,0.0,0.0,0.0,0.0,0.0
0.0,0.0,0.0,0.0,0.0,0.0,0.0,0.0
0.0,0.0,0.0,0.0,0.0,0.0,0.0,0.0
0.0,0.0,0.0,0.0,0.0,0.0,0.0,0.0
0.0,0.0,0.0,0.0,0.0,0.0,0.0,0.0
0.0,0.0,0.0,0.0,0.0,0.0,0.0,0.0
0.0,0.0,0.0,0.0,0.0,0.0,0.0,0.0
0.0,0.0,0.0,0.0,0.0,0.0,0.0,0.0
0.0,0.0,0.0,0.0,0.0,0.0,0.0,0.0
0.0,0.0,0.0,0.0,0.0,0.0,0.0,0.0
0.0,0.0,0.0,0.0,0.0,0.0,0.0,0.0
0.0,0.0,0.0,0.0,0.0,0.0,0.0,0.0
0.0,0.0,0.0,0.0,0.0,0.0,0.0,0.0
0.0,0.0,0.0,0.0,0.0,0.0,0.0,0.0
0.0,0.0,0.0,0.0,0.0,0.0,0.0,0.0
0.0,0.0,0.0,0.0,0.0,0.0,0.0,0.0
0.0,0.0,0.0,0.0,0.0,0.0,0.0,0.0
0.0,0.0,0.0,0.0,0.0,0.0,0.0,0.0
0.0,0.0,0.0,0.0,0.0,0.0,0.0,0.0
0.0,0.0,0.0,0.0,0.0,0.0,0.0,0.0
0.0,0.0,0.0,0.0,0.0,0.0,0.0,0.0
0.0,0.0,0.0,0.0,0.0,0.0,0.0,0.0
0.0,0.0,0.0,0.0,0.0,0.0,0.0,0.0
0.0,0.0,0.0,0.0,0.0,0.0,0.0,0.0
0.0,0.0,0.0,0.0,0.0,0.0,0.0,0.0
0.0,0.0,0.0,0.0,0.0,0.0,0.0,0.0
0.0,0.0,0.0,0.0,0.0,0.0,0.0,0.0
0.0,0.0,0.0,0.0,0.0,0.0,0.0,0.0
0.0,0.0,0.0,0.0,0.0,0.0,0.0,0.0
0.0,0.0,0.0,0.0,0.0,0.0,0.0,0.0
0.0,0.0,0.0,0.0,0.0,0.0,0.0,0.0
0.0,0.0,0.0,0.0,0.0,0.0,0.0,0.0
0.0,0.0,0.0,0.0,0.0,0.0,0.0,0.0
0.0,0.0,0.0,0.0,0.0,0.0,0.0,0.0
0.0,0.0,0.0,0.0,0.0,0.0,0.0,0.0
0.0,0.0,0.0,0.0,0.0,0.0,0.0,0.0
0.0,0.0,0.0,0.0,0.0,0.0,0.0,0.0
0.0,0.0,0.0,0.0,0.0,0.0,0.0,0.0
0.0,0.0,0.0,0.0,0.0,0.0,0.0,0.0
0.0,0.0,0.0,0.0,0.0,0.0,0.0,0.0
0.0,0.0,0.0,0.0,0.0,0.0,0.0,0.0
0.0,0.0,0.0,0.0,0.0,0.0,0.0,0.0
0.0,0.0,0.0,0.0,0.0,0.0,0.0,0.0
0.0,0.0,0.0,0.0,0.0,0.0,0.0,0.0
0.0,0.0,0.0,0.0,0.0,0.0,0.0,0.0
0.0,0.0,0.0,0.0,0.0,0.0,0.0,0.0
0.0,0.0,0.0,0.0,0.0,0.0,0.0,0.0
0.0,0.0,0.0,0.0,0.0,0.0,0.0,0.0
0.0,0.0,0.0,0.0,0.0,0.0,0.0,0.0
0.0,0.0,0.0,0.0,0.0,0.0,0.0,0.0
0.0,0.0,0.0,0.0,0.0,0.0,0.0,0.0
0.0,0.0,0.0,0.0,0.0,0.0,0.0,0.0
0.0,0.0,0.0,0.0,0.0,0.0,0.0,0.0
0.0,0.0,0.0,0.0,0.0,0.0,0.0,0.0
0.0,0.0,0.0,0.0,0.0,0.0,0.0,0.0
0.0,0.0,0.0,0.0,0.0,0.0,0.0,0.0
0.0,0.0,0.0,0.0,0.0,0.0,0.0,0.0
0.0,0.0,0.0,0.0,0.0,0.0,0.0,0.0
0.0,0.0,0.0,0.0,0.0,0.0,0.0,0.0
0.0,0.0,0.0,0.0,0.0,0.0,0.0,0.0
0.0,0.0,0.0,0.0,0.0,0.0,0.0,0.0
0.0,0.0,0.0,0.0,0.0,0.0,0.0,0.0
0.0,0.0,0.0,0.0,0.0,0.0,0.0,0.0
0.0,0.0,0.0,0.0,0.0,0.0,0.0,0.0
0.0,0.0,0.0,0.0,0.0,0.0,0.0,0.0
0.0,0.0,0.0,0.0,0.0,0.0,0.0,0.0
0.0,0.0,0.0,0.0,0.0,0.0,0.0,0.0
0.0,0.0,0.0,0.0,0.0,0.0,0.0,0.0
0.0,0.0,0.0,0.0,0.0,0.0,0.0,0.0
0.0,0.0,0.0,0.0,0.0,0.0,0.0,0.0
0.0,0.0,0.0,0.0,0.0,0.0,0.0,0.0
0.0,0.0,0.0,0.0,0.0,0.0,0.0,0.0
0.0,0.0,0.0,0.0,0.0,0.0,0.0,0.0
0.0,0.0,0.0,0.0,0.0,0.0,0.0,0.0
0.0,0.0,0.0,0.0,0.0,0.0,0.0,0.0
0.0,0.0,0.0,0.0,0.0,0.0,0.0,0.0
0.0,0.0,0.0,0.0,0.0,0.0,0.0,0.0
0.0,0.0,0.0,0.0,0.0,0.0,0.0,0.0
0.0,0.0,0.0,0.0,0.0,0.0,0.0,0.0
0.0,0.0,0.0,0.0,0.0,0.0,0.0,0.0
0.0,0.0,0.0,0.0,0.0,0.0,0.0,0.0
0.0,0.0,0.0,0.0,0.0,0.0,0.0,0.0
0.0,0.0,0.0,0.0,0.0,0.0,0.0,0.0
0.0,0.0,0.0,0.0,0.0,0.0,0.0,0.0
0.0,0.0,0.0,0.0,0.0,0.0,0.0,0.0
0.0,0.0,0.0,0.0,0.0,0.0,0.0,0.0
0.0,0.0,0.0,0.0,0.0,0.0,0.0,0.0
0.0,0.0,0.0,0.0,0.0,0.0,0.0,0.0
0.0,0.0,0.0,0.0,0.0,0.0,0.0,0.0
0.0,0.0,0.0,0.0,0.0,0.0,0.0,0.0
0.0,0.0,0.0,0.0,0.0,0.0,0.0,0.0
0.0,0.0,0.0,0.0,0.0,0.0,0.0,0.0
0.0,0.0,0.0,0.0,0.0,0.0,0.0,0.0
0.0,0.0,0.0,0.0,0.0,0.0,0.0,0.0
0.0,0.0,0.0,0.0,0.0,0.0,0.0,0.0
0.0,0.0,0.0,0.0,0.0,0.0,0.0,0.0
0.0,0.0,0.0,0.0,0.0,0.0,0.0,0.0
0.0,0.0,0.0,0.0,0.0,0.0,0.0,0.0
0.0,0.0,0.0,0.0,0.0,0.0,0.0,0.0
0.0,0.0,0.0,0.0,0.0,0.0,0.0,0.0
0.0,0.0,0.0,0.0,0.0,0.0,0.0,0.0
0.0,0.0,0.0,0.0,0.0,0.0,0.0,0.0
0.0,0.0,0.0,0.0,0.0,0.0,0.0,0.0
0.0,0.0,0.0,0.0,0.0,0.0,0.0,0.0
0.0,0.0,0.0,0.0,0.0,0.0,0.0,0.0
0.0,0.0,0.0,0.0,0.0,0.0,0.0,0.0
0.0,0.0,0.0,0.0,0.0,0.0,0.0,0.0
0.0,0.0,0.0,0.0,0.0,0.0,0.0,0.0
0.0,0.0,0.0,0.0,0.0,0.0,0.0,0.0
0.0,0.0,0.0,0.0,0.0,0.0,0.0,0.0
0.0,0.0,0.0,0.0,0.0,0.0,0.0,0.0
0.0,0.0,0.0,0.0,0.0,0.0,0.0,0.0
0.0,0.0,0.0,0.0,0.0,0.0,0.0,0.0
0.0,0.0,0.0,0.0,0.0,0.0,0.0,0.0
0.0,0.0,0.0,0.0,0.0,0.0,0.0,0.0
0.0,0.0,0.0,0.0,0.0,0.0,0.0,0.0
0.0,0.0,0.0,0.0,0.0,0.0,0.0,0.0
0.0,0.0,0.0,0.0,0.0,0.0,0.0,0.0
0.0,0.0,0.0,0.0,0.0,0.0,0.0,0.0
0.0,0.0,0.0,0.0,0.0,0.0,0.0,0.0
0.0,0.0,0.0,0.0,0.0,0.0,0.0,0.0
0.0,0.0,0.0,0.0,0.0,0.0,0.0,0.0
0.0,0.0,0.0,0.0,0.0,0.0,0.0,0.0
0.0,0.0,0.0,0.0,0.0,0.0,0.0,0.0
0.0,0.0,0.0,0.0,0.0,0.0,0.0,0.0
0.0,0.0,0.0,0.0,0.0,0.0,0.0,0.0
0.0,0.0,0.0,0.0,0.0,0.0,0.0,0.0
0.0,0.0,0.0,0.0,0.0,0.0,0.0,0.0
0.0,0.0,0.0,0.0,0.0,0.0,0.0,0.0
0.0,0.0,0.0,0.0,0.0,0.0,0.0,0.0
0.0,0.0,0.0,0.0,0.0,0.0,0.0,0.0
0.0,0.0,0.0,0.0,0.0,0.0,0.0,0.0
0.0,0.0,0.0,0.0,0.0,0.0,0.0,0.0
0.0,0.0,0.0,0.0,0.0,0.0,0.0,0.0
0.0,0.0,0.0,0.0,0.0,0.0,0.0,0.0
0.0,0.0,0.0,0.0,0.0,0.0,0.0,0.0
0.0,0.0,0.0,0.0,0.0,0.0,0.0,0.0
0.0,0.0,0.0,0.0,0.0,0.0,0.0,0.0
0.0,0.0,0.0,0.0,0.0,0.0,0.0,0.0
0.0,0.0,0.0,0.0,0.0,0.0,0.0,0.0
0.0,0.0,0.0,0.0,0.0,0.0,0.0,0.0
0.0,0.0,0.0,0.0,0.0,0.0,0.0,0.0
0.0,0.0,0.0,0.0,0.0,0.0,0.0,0.0
0.0,0.0,0.0,0.0,0.0,0.0,0.0,0.0
0.0,0.0,0.0,0.0,0.0,0.0,0.0,0.0
0.0,0.0,0.0,0.0,0.0,0.0,0.0,0.0
0.0,0.0,0.0,0.0,0.0,0.0,0.0,0.0
0.0,0.0,0.0,0.0,0.0,0.0,0.0,0.0
0.0,0.0,0.0,0.0,0.0,0.0,0.0,0.0
0.0,0.0,0.0,0.0,0.0,0.0,0.0,0.0
0.0,0.0,0.0,0.0,0.0,0.0,0.0,0.0
0.0,0.0,0.0,0.0,0.0,0.0,0.0,0.0
0.0,0.0,0.0,0.0,0.0,0.0,0.0,0.0
0.0,0.0,0.0,0.0,0.0,0.0,0.0,0.0
0.0,0.0,0.0,0.0,0.0,0.0,0.0,0.0
0.0,0.0,0.0,0.0,0.0,0.0,0.0,0.0
0.0,0.0,0.0,0.0,0.0,0.0,0.0,0.0
0.0,0.0,0.0,0.0,0.0,0.0,0.0,0.0
0.0,0.0,0.0,0.0,0.0,0.0,0.0,0.0
0.0,0.0,0.0,0.0,0.0,0.0,0.0,0.0
0.0,0.0,0.0,0.0,0.0,0.0,0.0,0.0
0.0,0.0,0.0,0.0,0.0,0.0,0.0,0.0
0.0,0.0,0.0,0.0,0.0,0.0,0.0,0.0
0.0,0.0,0.0,0.0,0.0,0.0,0.0,0.0
0.0,0.0,0.0,0.0,0.0,0.0,0.0,0.0
0.0,0.0,0.0,0.0,0.0,0.0,0.0,0.0
0.0,0.0,0.0,0.0,0.0,0.0,0.0,0.0
0.0,0.0,0.0,0.0,0.0,0.0,0.0,0.0
0.0,0.0,0.0,0.0,0.0,0.0,0.0,0.0
0.0,0.0,0.0,0.0,0.0,0.0,0.0,0.0
0.0,0.0,0.0,0.0,0.0,0.0,0.0,0.0
0.0,0.0,0.0,0.0,0.0,0.0,0.0,0.0
0.0,0.0,0.0,0.0,0.0,0.0,0.0,0.0
0.0,0.0,0.0,0.0,0.0,0.0,0.0,0.0
0.0,0.0,0.0,0.0,0.0,0.0,0.0,0.0
0.0,0.0,0.0,0.0,0.0,0.0,0.0,0.0
0.0,0.0,0.0,0.0,0.0,0.0,0.0,0.0
0.0,0.0,0.0,0.0,0.0,0.0,0.0,0.0
0.0,0.0,0.0,0.0,0.0,0.0,0.0,0.0
0.0,0.0,0.0,0.0,0.0,0.0,0.0,0.0
0.0,0.0,0.0,0.0,0.0,0.0,0.0,0.0
0.0,0.0,0.0,0.0,0.0,0.0,0.0,0.0
0.0,0.0,0.0,0.0,0.0,0.0,0.0,0.0
0.0,0.0,0.0,0.0,0.0,0.0,0.0,0.0
0.0,0.0,0.0,0.0,0.0,0.0,0.0,0.0
0.0,0.0,0.0,0.0,0.0,0.0,0.0,0.0
0.0,0.0,0.0,0.0,0.0,0.0,0.0,0.0
0.0,0.0,0.0,0.0,0.0,0.0,0.0,0.0
0.0,0.0,0.0,0.0,0.0,0.0,0.0,0.0
0.0,0.0,0.0,0.0,0.0,0.0,0.0,0.0
0.0,0.0,0.0,0.0,0.0,0.0,0.0,0.0
0.0,0.0,0.0,0.0,0.0,0.0,0.0,0.0
0.0,0.0,0.0,0.0,0.0,0.0,0.0,0.0
0.0,0.0,0.0,0.0,0.0,0.0,0.0,0.0
0.0,0.0,0.0,0.0,0.0,0.0,0.0,0.0
0.0,0.0,0.0,0.0,0.0,0.0,0.0,0.0
0.0,0.0,0.0,0.0,0.0,0.0,0.0,0.0
0.0,0.0,0.0,0.0,0.0,0.0,0.0,0.0
0.0,0.0,0.0,0.0,0.0,0.0,0.0,0.0
0.0,0.0,0.0,0.0,0.0,0.0,0.0,0.0
0.0,0.0,0.0,0.0,0.0,0.0,0.0,0.0
0.0,0.0,0.0,0.0,0.0,0.0,0.0,0.0
0.0,0.0,0.0,0.0,0.0,0.0,0.0,0.0
0.0,0.0,0.0,0.0,0.0,0.0,0.0,0.0
0.0,0.0,0.0,0.0,0.0,0.0,0.0,0.0
0.0,0.0,0.0,0.0,0.0,0.0,0.0,0.0
0.0,0.0,0.0,0.0,0.0,0.0,0.0,0.0
0.0,0.0,0.0,0.0,0.0,0.0,0.0,0.0
0.0,0.0,0.0,0.0,0.0,0.0,0.0,0.0
0.0,0.0,0.0,0.0,0.0,0.0,0.0,0.0
0.0,0.0,0.0,0.0,0.0,0.0,0.0,0.0
0.0,0.0,0.0,0.0,0.0,0.0,0.0,0.0
0.0,0.0,0.0,0.0,0.0,0.0,0.0,0.0
0.0,0.0,0.0,0.0,0.0,0.0,0.0,0.0
0.0,0.0,0.0,0.0,0.0,0.0,0.0,0.0
0.0,0.0,0.0,0.0,0.0,0.0,0.0,0.0
0.0,0.0,0.0,0.0,0.0,0.0,0.0,0.0
0.0,0.0,0.0,0.0,0.0,0.0,0.0,0.0
0.0,0.0,0.0,0.0,0.0,0.0,0.0,0.0
0.0,0.0,0.0,0.0,0.0,0.0,0.0,0.0
0.0,0.0,0.0,0.0,0.0,0.0,0.0,0.0
0.0,0.0,0.0,0.0,0.0,0.0,0.0,0.0
0.0,0.0,0.0,0.0,0.0,0.0,0.0,0.0
0.0,0.0,0.0,0.0,0.0,0.0,0.0,0.0
0.0,0.0,0.0,0.0,0.0,0.0,0.0,0.0
0.0,0.0,0.0,0.0,0.0,0.0,0.0,0.0
0.0,0.0,0.0,0.0,0.0,0.0,0.0,0.0
0.0,0.0,0.0,0.0,0.0,0.0,0.0,0.0
0.0,0.0,0.0,0.0,0.0,0.0,0.0,0.0
0.0,0.0,0.0,0.0,0.0,0.0,0.0,0.0
0.0,0.0,0.0,0.0,0.0,0.0,0.0,0.0
0.0,0.0,0.0,0.0,0.0,0.0,0.0,0.0
0.0,0.0,0.0,0.0,0.0,0.0,0.0,0.0
0.0,0.0,0.0,0.0,0.0,0.0,0.0,0.0
0.0,0.0,0.0,0.0,0.0,0.0,0.0,0.0
0.0,0.0,0.0,0.0,0.0,0.0,0.0,0.0
0.0,0.0,0.0,0.0,0.0,0.0,0.0,0.0
0.0,0.0,0.0,0.0,0.0,0.0,0.0,0.0
0.0,0.0,0.0,0.0,0.0,0.0,0.0,0.0
0.0,0.0,0.0,0.0,0.0,0.0,0.0,0.0
0.0,0.0,0.0,0.0,0.0,0.0,0.0,0.0
0.0,0.0,0.0,0.0,0.0,0.0,0.0,0.0
0.0,0.0,0.0,0.0,0.0,0.0,0.0,0.0
0.0,0.0,0.0,0.0,0.0,0.0,0.0,0.0
0.0,0.0,0.0,0.0,0.0,0.0,0.0,0.0
0.0,0.0,0.0,0.0,0.0,0.0,0.0,0.0
0.0,0.0,0.0,0.0,0.0,0.0,0.0,0.0
0.0,0.0,0.0,0.0,0.0,0.0,0.0,0.0
0.0,0.0,0.0,0.0,0.0,0.0,0.0,0.0
0.0,0.0,0.0,0.0,0.0,0.0,0.0,0.0
0.0,0.0,0.0,0.0,0.0,0.0,0.0,0.0
0.0,0.0,0.0,0.0,0.0,0.0,0.0,0.0
0.0,0.0,0.0,0.0,0.0,0.0,0.0,0.0
0.0,0.0,0.0,0.0,0.0,0.0,0.0,0.0
0.0,0.0,0.0,0.0,0.0,0.0,0.0,0.0
0.0,0.0,0.0,0.0,0.0,0.0,0.0,0.0
0.0,0.0,0.0,0.0,0.0,0.0,0.0,0.0
0.0,0.0,0.0,0.0,0.0,0.0,0.0,0.0
0.0,0.0,0.0,0.0,0.0,0.0,0.0,0.0
0.0,0.0,0.0,0.0,0.0,0.0,0.0,0.0
0.0,0.0,0.0,0.0,0.0,0.0,0.0,0.0
0.0,0.0,0.0,0.0,0.0,0.0,0.0,0.0
0.0,0.0,0.0,0.0,0.0,0.0,0.0,0.0
0.0,0.0,0.0,0.0,0.0,0.0,0.0,0.0
0.0,0.0,0.0,0.0,0.0,0.0,0.0,0.0
0.0,0.0,0.0,0.0,0.0,0.0,0.0,0.0
0.0,0.0,0.0,0.0,0.0,0.0,0.0,0.0
0.0,0.0,0.0,0.0,0.0,0.0,0.0,0.0
0.0,0.0,0.0,0.0,0.0,0.0,0.0,0.0
0.0,0.0,0.0,0.0,0.0,0.0,0.0,0.0
0.0,0.0,0.0,0.0,0.0,0.0,0.0,0.0
0.0,0.0,0.0,0.0,0.0,0.0,0.0,0.0
0.0,0.0,0.0,0.0,0.0,0.0,0.0,0.0
0.0,0.0,0.0,0.0,0.0,0.0,0.0,0.0
0.0,0.0,0.0,0.0,0.0,0.0,0.0,0.0
0.0,0.0,0.0,0.0,0.0,0.0,0.0,0.0
0.0,0.0,0.0,0.0,0.0,0.0,0.0,0.0
0.0,0.0,0.0,0.0,0.0,0.0,0.0,0.0
0.0,0.0,0.0,0.0,0.0,0.0,0.0,0.0
0.0,0.0,0.0,0.0,0.0,0.0,0.0,0.0
0.0,0.0,0.0,0.0,0.0,0.0,0.0,0.0
0.0,0.0,0.0,0.0,0.0,0.0,0.0,0.0
0.0,0.0,0.0,0.0,0.0,0.0,0.0,0.0
0.0,0.0,0.0,0.0,0.0,0.0,0.0,0.0
0.0,0.0,0.0,0.0,0.0,0.0,0.0,0.0
0.0,0.0,0.0,0.0,0.0,0.0,0.0,0.0
0.0,0.0,0.0,0.0,0.0,0.0,0.0,0.0
0.0,0.0,0.0,0.0,0.0,0.0,0.0,0.0
0.0,0.0,0.0,0.0,0.0,0.0,0.0,0.0
0.0,0.0,0.0,0.0,0.0,0.0,0.0,0.0
0.0,0.0,0.0,0.0,0.0,0.0,0.0,0.0
0.0,0.0,0.0,0.0,0.0,0.0,0.0,0.0
0.0,0.0,0.0,0.0,0.0,0.0,0.0,0.0
0.0,0.0,0.0,0.0,0.0,0.0,0.0,0.0
0.0,0.0,0.0,0.0,0.0,0.0,0.0,0.0
0.0,0.0,0.0,0.0,0.0,0.0,0.0,0.0
0.0,0.0,0.0,0.0,0.0,0.0,0.0,0.0
0.0,0.0,0.0,0.0,0.0,0.0,0.0,0.0
0.0,0.0,0.0,0.0,0.0,0.0,0.0,0.0
0.0,0.0,0.0,0.0,0.0,0.0,0.0,0.0
0.0,0.0,0.0,0.0,0.0,0.0,0.0,0.0
0.0,0.0,0.0,0.0,0.0,0.0,0.0,0.0
0.0,0.0,0.0,0.0,0.0,0.0,0.0,0.0
0.0,0.0,0.0,0.0,0.0,0.0,0.0,0.0
0.0,0.0,0.0,0.0,0.0,0.0,0.0,0.0
0.0,0.0,0.0,0.0,0.0,0.0,0.0,0.0
0.0,0.0,0.0,0.0,0.0,0.0,0.0,0.0
0.0,0.0,0.0,0.0,0.0,0.0,0.0,0.0
0.0,0.0,0.0,0.0,0.0,0.0,0.0,0.0
0.0,0.0,0.0,0.0,0.0,0.0,0.0,0.0
0.0,0.0,0.0,0.0,0.0,0.0,0.0,0.0
0.0,0.0,0.0,0.0,0.0,0.0,0.0,0.0
0.0,0.0,0.0,0.0,0.0,0.0,0.0,0.0
0.0,0.0,0.0,0.0,0.0,0.0,0.0,0.0
0.0,0.0,0.0,0.0,0.0,0.0,0.0,0.0
0.0,0.0,0.0,0.0,0.0,0.0,0.0,0.0
0.0,0.0,0.0,0.0,0.0,0.0,0.0,0.0
0.0,0.0,0.0,0.0,0.0,0.0,0.0,0.0
0.0,0.0,0.0,0.0,0.0,0.0,0.0,0.0
0.0,0.0,0.0,0.0,0.0,0.0,0.0,0.0
0.0,0.0,0.0,0.0,0.0,0.0,0.0,0.0
0.0,0.0,0.0,0.0,0.0,0.0,0.0,0.0
0.0,0.0,0.0,0.0,0.0,0.0,0.0,0.0
0.0,0.0,0.0,0.0,0.0,0.0,0.0,0.0
0.0,0.0,0.0,0.0,0.0,0.0,0.0,0.0
0.0,0.0,0.0,0.0,0.0,0.0,0.0,0.0
0.0,0.0,0.0,0.0,0.0,0.0,0.0,0.0
0.0,0.0,0.0,0.0,0.0,0.0,0.0,0.0
0.0,0.0,0.0,0.0,0.0,0.0,0.0,0.0
0.0,0.0,0.0,0.0,0.0,0.0,0.0,0.0
0.0,0.0,0.0,0.0,0.0,0.0,0.0,0.0
0.0,0.0,0.0,0.0,0.0,0.0,0.0,0.0
0.0,0.0,0.0,0.0,0.0,0.0,0.0,0.0
0.0,0.0,0.0,0.0,0.0,0.0,0.0,0.0
0.0,0.0,0.0,0.0,0.0,0.0,0.0,0.0
0.0,0.0,0.0,0.0,0.0,0.0,0.0,0.0
0.0,0.0,0.0,0.0,0.0,0.0,0.0,0.0
0.0,0.0,0.0,0.0,0.0,0.0,0.0,0.0
0.0,0.0,0.0,0.0,0.0,0.0,0.0,0.0
0.0,0.0,0.0,0.0,0.0,0.0,0.0,0.0
0.0,0.0,0.0,0.0,0.0,0.0,0.0,0.0
0.0,0.0,0.0,0.0,0.0,0.0,0.0,0.0
0.0,0.0,0.0,0.0,0.0,0.0,0.0,0.0
0.0,0.0,0.0,0.0,0.0,0.0,0.0,0.0
0.0,0.0,0.0,0.0,0.0,0.0,0.0,0.0
0.0,0.0,0.0,0.0,0.0,0.0,0.0,0.0
0.0,0.0,0.0,0.0,0.0,0.0,0.0,0.0
0.0,0.0,0.0,0.0,0.0,0.0,0.0,0.0
0.0,0.0,0.0,0.0,0.0,0.0,0.0,0.0
0.0,0.0,0.0,0.0,0.0,0.0,0.0,0.0
0.0,0.0,0.0,0.0,0.0,0.0,0.0,0.0
0.0,0.0,0.0,0.0,0.0,0.0,0.0,0.0
0.0,0.0,0.0,0.0,0.0,0.0,0.0,0.0
0.0,0.0,0.0,0.0,0.0,0.0,0.0,0.0
0.0,0.0,0.0,0.0,0.0,0.0,0.0,0.0
0.0,0.0,0.0,0.0,0.0,0.0,0.0,0.0
0.0,0.0,0.0,0.0,0.0,0.0,0.0,0.0
0.0,0.0,0.0,0.0,0.0,0.0,0.0,0.0
0.0,0.0,0.0,0.0,0.0,0.0,0.0,0.0
0.0,0.0,0.0,0.0,0.0,0.0,0.0,0.0
0.0,0.0,0.0,0.0,0.0,0.0,0.0,0.0
0.0,0.0,0.0,0.0,0.0,0.0,0.0,0.0
0.0,0.0,0.0,0.0,0.0,0.0,0.0,0.0
0.0,0.0,0.0,0.0,0.0,0.0,0.0,0.0
0.0,0.0,0.0,0.0,0.0,0.0,0.0,0.0
0.0,0.0,0.0,0.0,0.0,0.0,0.0,0.0
0.0,0.0,0.0,0.0,0.0,0.0,0.0,0.0
0.0,0.0,0.0,0.0,0.0,0.0,0.0,0.0
0.0,0.0,0.0,0.0,0.0,0.0,0.0,0.0
0.0,0.0,0.0,0.0,0.0,0.0,0.0,0.0
0.0,0.0,0.0,0.0,0.0,0.0,0.0,0.0
0.0,0.0,0.0,0.0,0.0,0.0,0.0,0.0
0.0,0.0,0.0,0.0,0.0,0.0,0.0,0.0
0.0,0.0,0.0,0.0,0.0,0.0,0.0,0.0
0.0,0.0,0.0,0.0,0.0,0.0,0.0,0.0
0.0,0.0,0.0,0.0,0.0,0.0,0.0,0.0
0.0,0.0,0.0,0.0,0.0,0.0,0.0,0.0
0.0,0.0,0.0,0.0,0.0,0.0,0.0,0.0
0.0,0.0,0.0,0.0,0.0,0.0,0.0,0.0
0.0,0.0,0.0,0.0,0.0,0.0,0.0,0.0
0.0,0.0,0.0,0.0,0.0,0.0,0.0,0.0
0.0,0.0,0.0,0.0,0.0,0.0,0.0,0.0
0.0,0.0,0.0,0.0,0.0,0.0,0.0,0.0
0.0,0.0,0.0,0.0,0.0,0.0,0.0,0.0
0.0,0.0,0.0,0.0,0.0,0.0,0.0,0.0
0.0,0.0,0.0,0.0,0.0,0.0,0.0,0.0
0.0,0.0,0.0,0.0,0.0,0.0,0.0,0.0
0.0,0.0,0.0,0.0,0.0,0.0,0.0,0.0
0.0,0.0,0.0,0.0,0.0,0.0,0.0,0.0
0.0,0.0,0.0,0.0,0.0,0.0,0.0,0.0
0.0,0.0,0.0,0.0,0.0,0.0,0.0,0.0
0.0,0.0,0.0,0.0,0.0,0.0,0.0,0.0
0.0,0.0,0.0,0.0,0.0,0.0,0.0,0.0
0.0,0.0,0.0,0.0,0.0,0.0,0.0,0.0
0.0,0.0,0.0,0.0,0.0,0.0,0.0,0.0
0.0,0.0,0.0,0.0,0.0,0.0,0.0,0.0
0.0,0.0,0.0,0.0,0.0,0.0,0.0,0.0
0.0,0.0,0.0,0.0,0.0,0.0,0.0,0.0
0.0,0.0,0.0,0.0,0.0,0.0,0.0,0.0
0.0,0.0,0.0,0.0,0.0,0.0,0.0,0.0
0.0,0.0,0.0,0.0,0.0,0.0,0.0,0.0
0.0,0.0,0.0,0.0,0.0,0.0,0.0,0.0
0.0,0.0,0.0,0.0,0.0,0.0,0.0,0.0
0.0,0.0,0.0,0.0,0.0,0.0,0.0,0.0
0.0,0.0,0.0,0.0,0.0,0.0,0.0,0.0
0.0,0.0,0.0,0.0,0.0,0.0,0.0,0.0
0.0,0.0,0.0,0.0,0.0,0.0,0.0,0.0
0.0,0.0,0.0,0.0,0.0,0.0,0.0,0.0
0.0,0.0,0.0,0.0,0.0,0.0,0.0,0.0
0.0,0.0,0.0,0.0,0.0,0.0,0.0,0.0
0.0,0.0,0.0,0.0,0.0,0.0,0.0,0.0
0.0,0.0,0.0,0.0,0.0,0.0,0.0,0.0
0.0,0.0,0.0,0.0,0.0,0.0,0.0,0.0
0.0,0.0,0.0,0.0,0.0,0.0,0.0,0.0
0.0,0.0,0.0,0.0,0.0,0.0,0.0,0.0
0.0,0.0,0.0,0.0,0.0,0.0,0.0,0.0
0.0,0.0,0.0,0.0,0.0,0.0,0.0,0.0
0.0,0.0,0.0,0.0,0.0,0.0,0.0,0.0
0.0,0.0,0.0,0.0,0.0,0.0,0.0,0.0
0.0,0.0,0.0,0.0,0.0,0.0,0.0,0.0
0.0,0.0,0.0,0.0,0.0,0.0,0.0,0.0
0.0,0.0,0.0,0.0,0.0,0.0,0.0,0.0
0.0,0.0,0.0,0.0,0.0,0.0,0.0,0.0
0.0,0.0,0.0,0.0,0.0,0.0,0.0,0.0
0.0,0.0,0.0,0.0,0.0,0.0,0.0,0.0
0.0,0.0,0.0,0.0,0.0,0.0,0.0,0.0
0.0,0.0,0.0,0.0,0.0,0.0,0.0,0.0
0.0,0.0,0.0,0.0,0.0,0.0,0.0,0.0
0.0,0.0,0.0,0.0,0.0,0.0,0.0,0.0
0.0,0.0,0.0,0.0,0.0,0.0,0.0,0.0
0.0,0.0,0.0,0.0,0.0,0.0,0.0,0.0
0.0,0.0,0.0,0.0,0.0,0.0,0.0,0.0
0.0,0.0,0.0,0.0,0.0,0.0,0.0,0.0
0.0,0.0,0.0,0.0,0.0,0.0,0.0,0.0
0.0,0.0,0.0,0.0,0.0,0.0,0.0,0.0
0.0,0.0,0.0,0.0,0.0,0.0,0.0,0.0
0.0,0.0,0.0,0.0,0.0,0.0,0.0,0.0
0.0,0.0,0.0,0.0,0.0,0.0,0.0,0.0
0.0,0.0,0.0,0.0,0.0,0.0,0.0,0.0
0.0,0.0,0.0,0.0,0.0,0.0,0.0,0.0
0.0,0.0,0.0,0.0,0.0,0.0,0.0,0.0
0.0,0.0,0.0,0.0,0.0,0.0,0.0,0.0
0.0,0.0,0.0,0.0,0.0,0.0,0.0,0.0
0.0,0.0,0.0,0.0,0.0,0.0,0.0,0.0
0.0,0.0,0.0,0.0,0.0,0.0,0.0,0.0
0.0,0.0,0.0,0.0,0.0,0.0,0.0,0.0
0.0,0.0,0.0,0.0,0.0,0.0,0.0,0.0
0.0,0.0,0.0,0.0,0.0,0.0,0.0,0.0
0.0,0.0,0.0,0.0,0.0,0.0,0.0,0.0
0.0,0.0,0.0,0.0,0.0,0.0,0.0,0.0
0.0,0.0,0.0,0.0,0.0,0.0,0.0,0.0
0.0,0.0,0.0,0.0,0.0,0.0,0.0,0.0
0.0,0.0,0.0,0.0,0.0,0.0,0.0,0.0
0.0,0.0,0.0,0.0,0.0,0.0,0.0,0.0
0.0,0.0,0.0,0.0,0.0,0.0,0.0,0.0
0.0,0.0,0.0,0.0,0.0,0.0,0.0,0.0
0.0,0.0,0.0,0.0,0.0,0.0,0.0,0.0
0.0,0.0,0.0,0.0,0.0,0.0,0.0,0.0
0.0,0.0,0.0,0.0,0.0,0.0,0.0,0.0
0.0,0.0,0.0,0.0,0.0,0.0,0.0,0.0
0.0,0.0,0.0,0.0,0.0,0.0,0.0,0.0
0.0,0.0,0.0,0.0,0.0,0.0,0.0,0.0
0.0,0.0,0.0,0.0,0.0,0.0,0.0,0.0
0.0,0.0,0.0,0.0,0.0,0.0,0.0,0.0
0.0,0.0,0.0,0.0,0.0,0.0,0.0,0.0
0.0,0.0,0.0,0.0,0.0,0.0,0.0,0.0
0.0,0.0,0.0,0.0,0.0,0.0,0.0,0.0
0.0,0.0,0.0,0.0,0.0,0.0,0.0,0.0
0.0,0.0,0.0,0.0,0.0,0.0,0.0,0.0
0.0,0.0,0.0,0.0,0.0,0.0,0.0,0.0
0.0,0.0,0.0,0.0,0.0,0.0,0.0,0.0
0.0,0.0,0.0,0.0,0.0,0.0,0.0,0.0
0.0,0.0,0.0,0.0,0.0,0.0,0.0,0.0
0.0,0.0,0.0,0.0,0.0,0.0,0.0,0.0
0.0,0.0,0.0,0.0,0.0,0.0,0.0,0.0
0.0,0.0,0.0,0.0,0.0,0.0,0.0,0.0
0.0,0.0,0.0,0.0,0.0,0.0,0.0,0.0
0.0,0.0,0.0,0.0,0.0,0.0,0.0,0.0
0.0,0.0,0.0,0.0,0.0,0.0,0.0,0.0
0.0,0.0,0.0,0.0,0.0,0.0,0.0,0.0
0.0,0.0,0.0,0.0,0.0,0.0,0.0,0.0
0.0,0.0,0.0,0.0,0.0,0.0,0.0,0.0
0.0,0.0,0.0,0.0,0.0,0.0,0.0,0.0
0.0,0.0,0.0,0.0,0.0,0.0,0.0,0.0
0.0,0.0,0.0,0.0,0.0,0.0,0.0,0.0
0.0,0.0,0.0,0.0,0.0,0.0,0.0,0.0
0.0,0.0,0.0,0.0,0.0,0.0,0.0,0.0
0.0,0.0,0.0,0.0,0.0,0.0,0.0,0.0
0.0,0.0,0.0,0.0,0.0,0.0,0.0,0.0
0.0,0.0,0.0,0.0,0.0,0.0,0.0,0.0
0.0,0.0,0.0,0.0,0.0,0.0,0.0,0.0
0.0,0.0,0.0,0.0,0.0,0.0,0.0,0.0
0.0,0.0,0.0,0.0,0.0,0.0,0.0,0.0
0.0,0.0,0.0,0.0,0.0,0.0,0.0,0.0
0.0,0.0,0.0,0.0,0.0,0.0,0.0,0.0
0.0,0.0,0.0,0.0,0.0,0.0,0.0,0.0
0.0,0.0,0.0,0.0,0.0,0.0,0.0,0.0
0.0,0.0,0.0,0.0,0.0,0.0,0.0,0.0
0.0,0.0,0.0,0.0,0.0,0.0,0.0,0.0
0.0,0.0,0.0,0.0,0.0,0.0,0.0,0.0
0.0,0.0,0.0,0.0,0.0,0.0,0.0,0.0
0.0,0.0,0.0,0.0,0.0,0.0,0.0,0.0
0.0,0.0,0.0,0.0,0.0,0.0,0.0,0.0
0.0,0.0,0.0,0.0,0.0,0.0,0.0,0.0
0.0,0.0,0.0,0.0,0.0,0.0,0.0,0.0
0.0,0.0,0.0,0.0,0.0,0.0,0.0,0.0
0.0,0.0,0.0,0.0,0.0,0.0,0.0,0.0
0.0,0.0,0.0,0.0,0.0,0.0,0.0,0.0
0.0,0.0,0.0,0.0,0.0,0.0,0.0,0.0
0.0,0.0,0.0,0.0,0.0,0.0,0.0,0.0
0.0,0.0,0.0,0.0,0.0,0.0,0.0,0.0
0.0,0.0,0.0,0.0,0.0,0.0,0.0,0.0
0.0,0.0,0.0,0.0,0.0,0.0,0.0,0.0
0.0,0.0,0.0,0.0,0.0,0.0,0.0,0.0
0.0,0.0,0.0,0.0,0.0,0.0,0.0,0.0
0.0,0.0,0.0,0.0,0.0,0.0,0.0,0.0
0.0,0.0,0.0,0.0,0.0,0.0,0.0,0.0
0.0,0.0,0.0,0.0,0.0,0.0,0.0,0.0
0.0,0.0,0.0,0.0,0.0,0.0,0.0,0.0
0.0,0.0,0.0,0.0,0.0,0.0,0.0,0.0
0.0,0.0,0.0,0.0,0.0,0.0,0.0,0.0
0.0,0.0,0.0,0.0,0.0,0.0,0.0,0.0
0.0,0.0,0.0,0.0,0.0,0.0,0.0,0.0
0.0,0.0,0.0,0.0,0.0,0.0,0.0,0.0
0.0,0.0,0.0,0.0,0.0,0.0,0.0,0.0
0.0,0.0,0.0,0.0,0.0,0.0,0.0,0.0
0.0,0.0,0.0,0.0,0.0,0.0,0.0,0.0
0.0,0.0,0.0,0.0,0.0,0.0,0.0,0.0
0.0,0.0,0.0,0.0,0.0,0.0,0.0,0.0
0.0,0.0,0.0,0.0,0.0,0.0,0.0,0.0
0.0,0.0,0.0,0.0,0.0,0.0,0.0,0.0
0.0,0.0,0.0,0.0,0.0,0.0,0.0,0.0
0.0,0.0,0.0,0.0,0.0,0.0,0.0,0.0
0.0,0.0,0.0,0.0,0.0,0.0,0.0,0.0
0.0,0.0,0.0,0.0,0.0,0.0,0.0,0.0
0.0,0.0,0.0,0.0,0.0,0.0,0.0,0.0
0.0,0.0,0.0,0.0,0.0,0.0,0.0,0.0
0.0,0.0,0.0,0.0,0.0,0.0,0.0,0.0
0.0,0.0,0.0,0.0,0.0,0.0,0.0,0.0
0.0,0.0,0.0,0.0,0.0,0.0,0.0,0.0
0.0,0.0,0.0,0.0,0.0,0.0,0.0,0.0
0.0,0.0,0.0,0.0,0.0,0.0,0.0,0.0
0.0,0.0,0.0,0.0,0.0,0.0,0.0,0.0
0.0,0.0,0.0,0.0,0.0,0.0,0.0,0.0
0.0,0.0,0.0,0.0,0.0,0.0,0.0,0.0
0.0,0.0,0.0,0.0,0.0,0.0,0.0,0.0
0.0,0.0,0.0,0.0,0.0,0.0,0.0,0.0
0.0,0.0,0.0,0.0,0.0,0.0,0.0,0.0
0.0,0.0,0.0,0.0,0.0,0.0,0.0,0.0
0.0,0.0,0.0,0.0,0.0,0.0,0.0,0.0
0.0,0.0,0.0,0.0,0.0,0.0,0.0,0.0
0.0,0.0,0.0,0.0,0.0,0.0,0.0,0.0
0.0,0.0,0.0,0.0,0.0,0.0,0.0,0.0
0.0,0.0,0.0,0.0,0.0,0.0,0.0,0.0
0.0,0.0,0.0,0.0,0.0,0.0,0.0,0.0
0.0,0.0,0.0,0.0,0.0,0.0,0.0,0.0
0.0,0.0,0.0,0.0,0.0,0.0,0.0,0.0
0.0,0.0,0.0,0.0,0.0,0.0,0.0,0.0
0.0,0.0,0.0,0.0,0.0,0.0,0.0,0.0
0.0,0.0,0.0,0.0,0.0,0.0,0.0,0.0
0.0,0.0,0.0,0.0,0.0,0.0,0.0,0.0
0.0,0.0,0.0,0.0,0.0,0.0,0.0,0.0
0.0,0.0,0.0,0.0,0.0,0.0,0.0,0.0
0.0,0.0,0.0,0.0,0.0,0.0,0.0,0.0
0.0,0.0,0.0,0.0,0.0,0.0,0.0,0.0
0.0,0.0,0.0,0.0,0.0,0.0,0.0,0.0
0.0,0.0,0.0,0.0,0.0,0.0,0.0,0.0
0.0,0.0,0.0,0.0,0.0,0.0,0.0,0.0
0.0,0.0,0.0,0.0,0.0,0.0,0.0,0.0
0.0,0.0,0.0,0.0,0.0,0.0,0.0,0.0
0.0,0.0,0.0,0.0,0.0,0.0,0.0,0.0
0.0,0.0,0.0,0.0,0.0,0.0,0.0,0.0
0.0,0.0,0.0,0.0,0.0,0.0,0.0,0.0
0.0,0.0,0.0,0.0,0.0,0.0,0.0,0.0
0.0,0.0,0.0,0.0,0.0,0.0,0.0,0.0
0.0,0.0,0.0,0.0,0.0,0.0,0.0,0.0
0.0,0.0,0.0,0.0,0.0,0.0,0.0,0.0
0.0,0.0,0.0,0.0,0.0,0.0,0.0,0.0
0.0,0.0,0.0,0.0,0.0,0.0,0.0,0.0
0.0,0.0,0.0,0.0,0.0,0.0,0.0,0.0
0.0,0.0,0.0,0.0,0.0,0.0,0.0,0.0
0.0,0.0,0.0,0.0,0.0,0.0,0.0,0.0
0.0,0.0,0.0,0.0,0.0,0.0,0.0,0.0
0.0,0.0,0.0,0.0,0.0,0.0,0.0,0.0
0.0,0.0,0.0,0.0,0.0,0.0,0.0,0.0
0.0,0.0,0.0,0.0,0.0,0.0,0.0,0.0
0.0,0.0,0.0,0.0,0.0,0.0,0.0,0.0
0.0,0.0,0.0,0.0,0.0,0.0,0.0,0.0
0.0,0.0,0.0,0.0,0.0,0.0,0.0,0.0
0.0,0.0,0.0,0.0,0.0,0.0,0.0,0.0
0.0,0.0,0.0,0.0,0.0,0.0,0.0,0.0
0.0,0.0,0.0,0.0,0.0,0.0,0.0,0.0
0.0,0.0,0.0,0.0,0.0,0.0,0.0,0.0
0.0,0.0,0.0,0.0,0.0,0.0,0.0,0.0
0.0,0.0,0.0,0.0,0.0,0.0,0.0,0.0
0.0,0.0,0.0,0.0,0.0,0.0,0.0,0.0
0.0,0.0,0.0,0.0,0.0,0.0,0.0,0.0
0.0,0.0,0.0,0.0,0.0,0.0,0.0,0.0
0.0,0.0,0.0,0.0,0.0,0.0,0.0,0.0
0.0,0.0,0.0,0.0,0.0,0.0,0.0,0.0
0.0,0.0,0.0,0.0,0.0,0.0,0.0,0.0
0.0,0.0,0.0,0.0,0.0,0.0,0.0,0.0
0.0,0.0,0.0,0.0,0.0,0.0,0.0,0.0
0.0,0.0,0.0,0.0,0.0,0.0,0.0,0.0
0.0,0.0,0.0,0.0,0.0,0.0,0.0,0.0
0.0,0.0,0.0,0.0,0.0,0.0,0.0,0.0
0.0,0.0,0.0,0.0,0.0,0.0,0.0,0.0
0.0,0.0,0.0,0.0,0.0,0.0,0.0,0.0
0.0,0.0,0.0,0.0,0.0,0.0,0.0,0.0
0.0,0.0,0.0,0.0,0.0,0.0,0.0,0.0
0.0,0.0,0.0,0.0,0.0,0.0,0.0,0.0
0.0,0.0,0.0,0.0,0.0,0.0,0.0,0.0
0.0,0.0,0.0,0.0,0.0,0.0,0.0,0.0
0.0,0.0,0.0,0.0,0.0,0.0,0.0,0.0
0.0,0.0,0.0,0.0,0.0,0.0,0.0,0.0
0.0,0.0,0.0,0.0,0.0,0.0,0.0,0.0
0.0,0.0,0.0,0.0,0.0,0.0,0.0,0.0
0.0,0.0,0.0,0.0,0.0,0.0,0.0,0.0
0.0,0.0,0.0,0.0,0.0,0.0,0.0,0.0
0.0,0.0,0.0,0.0,0.0,0.0,0.0,0.0
0.0,0.0,0.0,0.0,0.0,0.0,0.0,0.0
0.0,0.0,0.0,0.0,0.0,0.0,0.0,0.0
0.0,0.0,0.0,0.0,0.0,0.0,0.0,0.0
0.0,0.0,0.0,0.0,0.0,0.0,0.0,0.0
0.0,0.0,0.0,0.0,0.0,0.0,0.0,0.0
0.0,0.0,0.0,0.0,0.0,0.0,0.0,0.0
0.0,0.0,0.0,0.0,0.0,0.0,0.0,0.0
0.0,0.0,0.0,0.0,0.0,0.0,0.0,0.0
0.0,0.0,0.0,0.0,0.0,0.0,0.0,0.0
0.0,0.0,0.0,0.0,0.0,0.0,0.0,0.0
0.0,0.0,0.0,0.0,0.0,0.0,0.0,0.0
0.0,0.0,0.0,0.0,0.0,0.0,0.0,0.0
0.0,0.0,0.0,0.0,0.0,0.0,0.0,0.0
0.0,0.0,0.0,0.0,0.0,0.0,0.0,0.0
0.0,0.0,0.0,0.0,0.0,0.0,0.0,0.0
0.0,0.0,0.0,0.0,0.0,0.0,0.0,0.0
0.0,0.0,0.0,0.0,0.0,0.0,0.0,0.0
0.0,0.0,0.0,0.0,0.0,0.0,0.0,0.0
0.0,0.0,0.0,0.0,0.0,0.0,0.0,0.0
0.0,0.0,0.0,0.0,0.0,0.0,0.0,0.0
0.0,0.0,0.0,0.0,0.0,0.0,0.0,0.0
0.0,0.0,0.0,0.0,0.0,0.0,0.0,0.0
0.0,0.0,0.0,0.0,0.0,0.0,0.0,0.0
0.0,0.0,0.0,0.0,0.0,0.0,0.0,0.0
0.0,0.0,0.0,0.0,0.0,0.0,0.0,0.0
0.0,0.0,0.0,0.0,0.0,0.0,0.0,0.0
0.0,0.0,0.0,0.0,0.0,0.0,0.0,0.0
0.0,0.0,0.0,0.0,0.0,0.0,0.0,0.0
0.0,0.0,0.0,0.0,0.0,0.0,0.0,0.0
0.0,0.0,0.0,0.0,0.0,0.0,0.0,0.0
0.0,0.0,0.0,0.0,0.0,0.0,0.0,0.0
0.0,0.0,0.0,0.0,0.0,0.0,0.0,0.0
0.0,0.0,0.0,0.0,0.0,0.0,0.0,0.0
0.0,0.0,0.0,0.0,0.0,0.0,0.0,0.0
0.0,0.0,0.0,0.0,0.0,0.0,0.0,0.0
0.0,0.0,0.0,0.0,0.0,0.0,0.0,0.0
0.0,0.0,0.0,0.0,0.0,0.0,0.0,0.0
0.0,0.0,0.0,0.0,0.0,0.0,0.0,0.0
0.0,0.0,0.0,0.0,0.0,0.0,0.0,0.0
0.0,0.0,0.0,0.0,0.0,0.0,0.0,0.0
0.0,0.0,0.0,0.0,0.0,0.0,0.0,0.0
0.0,0.0,0.0,0.0,0.0,0.0,0.0,0.0
0.0,0.0,0.0,0.0,0.0,0.0,0.0,0.0
0.0,0.0,0.0,0.0,0.0,0.0,0.0,0.0
0.0,0.0,0.0,0.0,0.0,0.0,0.0,0.0
0.0,0.0,0.0,0.0,0.0,0.0,0.0,0.0
0.0,0.0,0.0,0.0,0.0,0.0,0.0,0.0
0.0,0.0,0.0,0.0,0.0,0.0,0.0,0.0
0.0,0.0,0.0,0.0,0.0,0.0,0.0,0.0
0.0,0.0,0.0,0.0,0.0,0.0,0.0,0.0
0.0,0.0,0.0,0.0,0.0,0.0,0.0,0.0
0.0,0.0,0.0,0.0,0.0,0.0,0.0,0.0
0.0,0.0,0.0,0.0,0.0,0.0,0.0,0.0
0.0,0.0,0.0,0.0,0.0,0.0,0.0,0.0
0.0,0.0,0.0,0.0,0.0,0.0,0.0,0.0
0.0,0.0,0.0,0.0,0.0,0.0,0.0,0.0
0.0,0.0,0.0,0.0,0.0,0.0,0.0,0.0
0.0,0.0,0.0,0.0,0.0,0.0,0.0,0.0
0.0,0.0,0.0,0.0,0.0,0.0,0.0,0.0
0.0,0.0,0.0,0.0,0.0,0.0,0.0,0.0
0.0,0.0,0.0,0.0,0.0,0.0,0.0,0.0
0.0,0.0,0.0,0.0,0.0,0.0,0.0,0.0
0.0,0.0,0.0,0.0,0.0,0.0,0.0,0.0
0.0,0.0,0.0,0.0,0.0,0.0,0.0,0.0
0.0,0.0,0.0,0.0,0.0,0.0,0.0,0.0
0.0,0.0,0.0,0.0,0.0,0.0,0.0,0.0
0.0,0.0,0.0,0.0,0.0,0.0,0.0,0.0
0.0,0.0,0.0,0.0,0.0,0.0,0.0,0.0
0.0,0.0,0.0,0.0,0.0,0.0,0.0,0.0
0.0,0.0,0.0,0.0,0.0,0.0,0.0,0.0
0.0,0.0,0.0,0.0,0.0,0.0,0.0,0.0
0.0,0.0,0.0,0.0,0.0,0.0,0.0,0.0
0.0,0.0,0.0,0.0,0.0,0.0,0.0,0.0
0.0,0.0,0.0,0.0,0.0,0.0,0.0,0.0
0.0,0.0,0.0,0.0,0.0,0.0,0.0,0.0
0.0,0.0,0.0,0.0,0.0,0.0,0.0,0.0
0.0,0.0,0.0,0.0,0.0,0.0,0.0,0.0
0.0,0.0,0.0,0.0,0.0,0.0,0.0,0.0
0.0,0.0,0.0,0.0,0.0,0.0,0.0,0.0
0.0,0.0,0.0,0.0,0.0,0.0,0.0,0.0
0.0,0.0,0.0,0.0,0.0,0.0,0.0,0.0
0.0,0.0,0.0,0.0,0.0,0.0,0.0,0.0
0.0,0.0,0.0,0.0,0.0,0.0,0.0,0.0
0.0,0.0,0.0,0.0,0.0,0.0,0.0,0.0
0.0,0.0,0.0,0.0,0.0,0.0,0.0,0.0
0.0,0.0,0.0,0.0,0.0,0.0,0.0,0.0
0.0,0.0,0.0,0.0,0.0,0.0,0.0,0.0
0.0,0.0,0.0,0.0,0.0,0.0,0.0,0.0
0.0,0.0,0.0,0.0,0.0,0.0,0.0,0.0
0.0,0.0,0.0,0.0,0.0,0.0,0.0,0.0
0.0,0.0,0.0,0.0,0.0,0.0,0.0,0.0
0.0,0.0,0.0,0.0,0.0,0.0,0.0,0.0
0.0,0.0,0.0,0.0,0.0,0.0,0.0,0.0
0.0,0.0,0.0,0.0,0.0,0.0,0.0,0.0
0.0,0.0,0.0,0.0,0.0,0.0,0.0,0.0
0.0,0.0,0.0,0.0,0.0,0.0,0.0,0.0
0.0,0.0,0.0,0.0,0.0,0.0,0.0,0.0
0.0,0.0,0.0,0.0,0.0,0.0,0.0,0.0
0.0,0.0,0.0,0.0,0.0,0.0,0.0,0.0
0.0,0.0,0.0,0.0,0.0,0.0,0.0,0.0
0.0,0.0,0.0,0.0,0.0,0.0,0.0,0.0
0.0,0.0,0.0,0.0,0.0,0.0,0.0,0.0
0.0,0.0,0.0,0.0,0.0,0.0,0.0,0.0
0.0,0.0,0.0,0.0,0.0,0.0,0.0,0.0
0.0,0.0,0.0,0.0,0.0,0.0,0.0,0.0
0.0,0.0,0.0,0.0,0.0,0.0,0.0,0.0
0.0,0.0,0.0,0.0,0.0,0.0,0.0,0.0
0.0,0.0,0.0,0.0,0.0,0.0,0.0,0.0
0.0,0.0,0.0,0.0,0.0,0.0,0.0,0.0
0.0,0.0,0.0,0.0,0.0,0.0,0.0,0.0
0.0,0.0,0.0,0.0,0.0,0.0,0.0,0.0
0.0,0.0,0.0,0.0,0.0,0.0,0.0,0.0
0.0,0.0,0.0,0.0,0.0,0.0,0.0,0.0
0.0,0.0,0.0,0.0,0.0,0.0,0.0,0.0
0.0,0.0,0.0,0.0,0.0,0.0,0.0,0.0
0.0,0.0,0.0,0.0,0.0,0.0,0.0,0.0
0.0,0.0,0.0,0.0,0.0,0.0,0.0,0.0
0.0,0.0,0.0,0.0,0.0,0.0,0.0,0.0
0.0,0.0,0.0,0.0,0.0,0.0,0.0,0.0
0.0,0.0,0.0,0.0,0.0,0.0,0.0,0.0
0.0,0.0,0.0,0.0,0.0,0.0,0.0,0.0
0.0,0.0,0.0,0.0,0.0,0.0,0.0,0.0
0.0,0.0,0.0,0.0,0.0,0.0,0.0,0.0
0.0,0.0,0.0,0.0,0.0,0.0,0.0,0.0
0.0,0.0,0.0,0.0,0.0,0.0,0.0,0.0
0.0,0.0,0.0,0.0,0.0,0.0,0.0,0.0
0.0,0.0,0.0,0.0,0.0,0.0,0.0,0.0
0.0,0.0,0.0,0.0,0.0,0.0,0.0,0.0
0.0,0.0,0.0,0.0,0.0,0.0,0.0,0.0
0.0,0.0,0.0,0.0,0.0,0.0,0.0,0.0
0.0,0.0,0.0,0.0,0.0,0.0,0.0,0.0
0.0,0.0,0.0,0.0,0.0,0.0,0.0,0.0
0.0,0.0,0.0,0.0,0.0,0.0,0.0,0.0
0.0,0.0,0.0,0.0,0.0,0.0,0.0,0.0
0.0,0.0,0.0,0.0,0.0,0.0,0.0,0.0
0.0,0.0,0.0,0.0,0.0,0.0,0.0,0.0
0.0,0.0,0.0,0.0,0.0,0.0,0.0,0.0
0.0,0.0,0.0,0.0,0.0,0.0,0.0,0.0
0.0,0.0,0.0,0.0,0.0,0.0,0.0,0.0
0.0,0.0,0.0,0.0,0.0,0.0,0.0,0.0
0.0,0.0,0.0,0.0,0.0,0.0,0.0,0.0
0.0,0.0,0.0,0.0,0.0,0.0,0.0,0.0
0.0,0.0,0.0,0.0,0.0,0.0,0.0,0.0
0.0,0.0,0.0,0.0,0.0,0.0,0.0,0.0
0.0,0.0,0.0,0.0,0.0,0.0,0.0,0.0
0.0,0.0,0.0,0.0,0.0,0.0,0.0,0.0
0.0,0.0,0.0,0.0,0.0,0.0,0.0,0.0
0.0,0.0,0.0,0.0,0.0,0.0,0.0,0.0
0.0,0.0,0.0,0.0,0.0,0.0,0.0,0.0
0.0,0.0,0.0,0.0,0.0,0.0,0.0,0.0
0.0,0.0,0.0,0.0,0.0,0.0,0.0,0.0
0.0,0.0,0.0,0.0,0.0,0.0,0.0,0.0
0.0,0.0,0.0,0.0,0.0,0.0,0.0,0.0
0.0,0.0,0.0,0.0,0.0,0.0,0.0,0.0
0.0,0.0,0.0,0.0,0.0,0.0,0.0,0.0
0.0,0.0,0.0,0.0,0.0,0.0,0.0,0.0
0.0,0.0,0.0,0.0,0.0,0.0,0.0,0.0
0.0,0.0,0.0,0.0,0.0,0.0,0.0,0.0
0.0,0.0,0.0,0.0,0.0,0.0,0.0,0.0
0.0,0.0,0.0,0.0,0.0,0.0,0.0,0.0
0.0,0.0,0.0,0.0,0.0,0.0,0.0,0.0
0.0,0.0,0.0,0.0,0.0,0.0,0.0,0.0
0.0,0.0,0.0,0.0,0.0,0.0,0.0,0.0
0.0,0.0,0.0,0.0,0.0,0.0,0.0,0.0
0.0,0.0,0.0,0.0,0.0,0.0,0.0,0.0
0.0,0.0,0.0,0.0,0.0,0.0,0.0,0.0
0.0,0.0,0.0,0.0,0.0,0.0,0.0,0.0
0.0,0.0,0.0,0.0,0.0,0.0,0.0,0.0
0.0,0.0,0.0,0.0,0.0,0.0,0.0,0.0
0.0,0.0,0.0,0.0,0.0,0.0,0.0,0.0
0.0,0.0,0.0,0.0,0.0,0.0,0.0,0.0
0.0,0.0,0.0,0.0,0.0,0.0,0.0,0.0
0.0,0.0,0.0,0.0,0.0,0.0,0.0,0.0
0.0,0.0,0.0,0.0,0.0,0.0,0.0,0.0
0.0,0.0,0.0,0.0,0.0,0.0,0.0,0.0
0.0,0.0,0.0,0.0,0.0,0.0,0.0,0.0
0.0,0.0,0.0,0.0,0.0,0.0,0.0,0.0
0.0,0.0,0.0,0.0,0.0,0.0,0.0,0.0
0.0,0.0,0.0,0.0,0.0,0.0,0.0,0.0
0.0,0.0,0.0,0.0,0.0,0.0,0.0,0.0
0.0,0.0,0.0,0.0,0.0,0.0,0.0,0.0
0.0,0.0,0.0,0.0,0.0,0.0,0.0,0.0
0.0,0.0,0.0,0.0,0.0,0.0,0.0,0.0
0.0,0.0,0.0,0.0,0.0,0.0,0.0,0.0
0.0,0.0,0.0,0.0,0.0,0.0,0.0,0.0
0.0,0.0,0.0,0.0,0.0,0.0,0.0,0.0
0.0,0.0,0.0,0.0,0.0,0.0,0.0,0.0
0.0,0.0,0.0,0.0,0.0,0.0,0.0,0.0
0.0,0.0,0.0,0.0,0.0,0.0,0.0,0.0
0.0,0.0,0.0,0.0,0.0,0.0,0.0,0.0
0.0,0.0,0.0,0.0,0.0,0.0,0.0,0.0
0.0,0.0,0.0,0.0,0.0,0.0,0.0,0.0
0.0,0.0,0.0,0.0,0.0,0.0,0.0,0.0
0.0,0.0,0.0,0.0,0.0,0.0,0.0,0.0
0.0,0.0,0.0,0.0,0.0,0.0,0.0,0.0
0.0,0.0,0.0,0.0,0.0,0.0,0.0,0.0
0.0,0.0,0.0,0.0,0.0,0.0,0.0,0.0
0.0,0.0,0.0,0.0,0.0,0.0,0.0,0.0
0.0,0.0,0.0,0.0,0.0,0.0,0.0,0.0
0.0,0.0,0.0,0.0,0.0,0.0,0.0,0.0
0.0,0.0,0.0,0.0,0.0,0.0,0.0,0.0
0.0,0.0,0.0,0.0,0.0,0.0,0.0,0.0
0.0,0.0,0.0,0.0,0.0,0.0,0.0,0.0
0.0,0.0,0.0,0.0,0.0,0.0,0.0,0.0
0.0,0.0,0.0,0.0,0.0,0.0,0.0,0.0
0.0,0.0,0.0,0.0,0.0,0.0,0.0,0.0
0.0,0.0,0.0,0.0,0.0,0.0,0.0,0.0
0.0,0.0,0.0,0.0,0.0,0.0,0.0,0.0
0.0,0.0,0.0,0.0,0.0,0.0,0.0,0.0
0.0,0.0,0.0,0.0,0.0,0.0,0.0,0.0
0.0,0.0,0.0,0.0,0.0,0.0,0.0,0.0
0.0,0.0,0.0,0.0,0.0,0.0,0.0,0.0
0.0,0.0,0.0,0.0,0.0,0.0,0.0,0.0
0.0,0.0,0.0,0.0,0.0,0.0,0.0,0.0
0.0,0.0,0.0,0.0,0.0,0.0,0.0,0.0
0.0,0.0,0.0,0.0,0.0,0.0,0.0,0.0
0.0,0.0,0.0,0.0,0.0,0.0,0.0,0.0
0.0,0.0,0.0,0.0,0.0,0.0,0.0,0.0
0.0,0.0,0.0,0.0,0.0,0.0,0.0,0.0
0.0,0.0,0.0,0.0,0.0,0.0,0.0,0.0
0.0,0.0,0.0,0.0,0.0,0.0,0.0,0.0
0.0,0.0,0.0,0.0,0.0,0.0,0.0,0.0
0.0,0.0,0.0,0.0,0.0,0.0,0.0,0.0
0.0,0.0,0.0,0.0,0.0,0.0,0.0,0.0
0.0,0.0,0.0,0.0,0.0,0.0,0.0,0.0
0.0,0.0,0.0,0.0,0.0,0.0,0.0,0.0
0.0,0.0,0.0,0.0,0.0,0.0,0.0,0.0
0.0,0.0,0.0,0.0,0.0,0.0,0.0,0.0
0.0,0.0,0.0,0.0,0.0,0.0,0.0,0.0
0.0,0.0,0.0,0.0,0.0,0.0,0.0,0.0
0.0,0.0,0.0,0.0,0.0,0.0,0.0,0.0
0.0,0.0,0.0,0.0,0.0,0.0,0.0,0.0
0.0,0.0,0.0,0.0,0.0,0.0,0.0,0.0
0.0,0.0,0.0,0.0,0.0,0.0,0.0,0.0
0.0,0.0,0.0,0.0,0.0,0.0,0.0,0.0
0.0,0.0,0.0,0.0,0.0,0.0,0.0,0.0
0.0,0.0,0.0,0.0,0.0,0.0,0.0,0.0
0.0,0.0,0.0,0.0,0.0,0.0,0.0,0.0
0.0,0.0,0.0,0.0,0.0,0.0,0.0,0.0
0.0,0.0,0.0,0.0,0.0,0.0,0.0,0.0
0.0,0.0,0.0,0.0,0.0,0.0,0.0,0.0
0.0,0.0,0.0,0.0,0.0,0.0,0.0,0.0
0.0,0.0,0.0,0.0,0.0,0.0,0.0,0.0
0.0,0.0,0.0,0.0,0.0,0.0,0.0,0.0
0.0,0.0,0.0,0.0,0.0,0.0,0.0,0.0
0.0,0.0,0.0,0.0,0.0,0.0,0.0,0.0
0.0,0.0,0.0,0.0,0.0,0.0,0.0,0.0
0.0,0.0,0.0,0.0,0.0,0.0,0.0,0.0
0.0,0.0,0.0,0.0,0.0,0.0,0.0,0.0
0.0,0.0,0.0,0.0,0.0,0.0,0.0,0.0
0.0,0.0,0.0,0.0,0.0,0.0,0.0,0.0
0.0,0.0,0.0,0.0,0.0,0.0,0.0,0.0
0.0,0.0,0.0,0.0,0.0,0.0,0.0,0.0
0.0,0.0,0.0,0.0,0.0,0.0,0.0,0.0
0.0,0.0,0.0,0.0,0.0,0.0,0.0,0.0
0.0,0.0,0.0,0.0,0.0,0.0,0.0,0.0
0.0,0.0,0.0,0.0,0.0,0.0,0.0,0.0
0.0,0.0,0.0,0.0,0.0,0.0,0.0,0.0
0.0,0.0,0.0,0.0,0.0,0.0,0.0,0.0
0.0,0.0,0.0,0.0,0.0,0.0,0.0,0.0
0.0,0.0,0.0,0.0,0.0,0.0,0.0,0.0
0.0,0.0,0.0,0.0,0.0,0.0,0.0,0.0
0.0,0.0,0.0,0.0,0.0,0.0,0.0,0.0
0.0,0.0,0.0,0.0,0.0,0.0,0.0,0.0
0.0,0.0,0.0,0.0,0.0,0.0,0.0,0.0
0.0,0.0,0.0,0.0,0.0,0.0,0.0,0.0
0.0,0.0,0.0,0.0,0.0,0.0,0.0,0.0
0.0,0.0,0.0,0.0,0.0,0.0,0.0,0.0
0.0,0.0,0.0,0.0,0.0,0.0,0.0,0.0
0.0,0.0,0.0,0.0,0.0,0.0,0.0,0.0
0.0,0.0,0.0,0.0,0.0,0.0,0.0,0.0
0.0,0.0,0.0,0.0,0.0,0.0,0.0,0.0
0.0,0.0,0.0,0.0,0.0,0.0,0.0,0.0
0.0,0.0,0.0,0.0,0.0,0.0,0.0,0.0
0.0,0.0,0.0,0.0,0.0,0.0,0.0,0.0
0.0,0.0,0.0,0.0,0.0,0.0,0.0,0.0
0.0,0.0,0.0,0.0,0.0,0.0,0.0,0.0
0.0,0.0,0.0,0.0,0.0,0.0,0.0,0.0
0.0,0.0,0.0,0.0,0.0,0.0,0.0,0.0
0.0,0.0,0.0,0.0,0.0,0.0,0.0,0.0
0.0,0.0,0.0,0.0,0.0,0.0,0.0,0.0
0.0,0.0,0.0,0.0,0.0,0.0,0.0,0.0
0.0,0.0,0.0,0.0,0.0,0.0,0.0,0.0
0.0,0.0,0.0,0.0,0.0,0.0,0.0,0.0
0.0,0.0,0.0,0.0,0.0,0.0,0.0,0.0
0.0,0.0,0.0,0.0,0.0,0.0,0.0,0.0
0.0,0.0,0.0,0.0,0.0,0.0,0.0,0.0
0.0,0.0,0.0,0.0,0.0,0.0,0.0,0.0
0.0,0.0,0.0,0.0,0.0,0.0,0.0,0.0
0.0,0.0,0.0,0.0,0.0,0.0,0.0,0.0
0.0,0.0,0.0,0.0,0.0,0.0,0.0,0.0
0.0,0.0,0.0,0.0,0.0,0.0,0.0,0.0
0.0,0.0,0.0,0.0,0.0,0.0,0.0,0.0
0.0,0.0,0.0,0.0,0.0,0.0,0.0,0.0
0.0,0.0,0.0,0.0,0.0,0.0,0.0,0.0
0.0,0.0,0.0,0.0,0.0,0.0,0.0,0.0
0.0,0.0,0.0,0.0,0.0,0.0,0.0,0.0
0.0,0.0,0.0,0.0,0.0,0.0,0.0,0.0
0.0,0.0,0.0,0.0,0.0,0.0,0.0,0.0
0.0,0.0,0.0,0.0,0.0,0.0,0.0,0.0
0.0,0.0,0.0,0.0,0.0,0.0,0.0,0.0
0.0,0.0,0.0,0.0,0.0,0.0,0.0,0.0
0.0,0.0,0.0,0.0,0.0,0.0,0.0,0.0
0.0,0.0,0.0,0.0,0.0,0.0,0.0,0.0
0.0,0.0,0.0,0.0,0.0,0.0,0.0,0.0
0.0,0.0,0.0,0.0,0.0,0.0,0.0,0.0
0.0,0.0,0.0,0.0,0.0,0.0,0.0,0.0
0.0,0.0,0.0,0.0,0.0,0.0,0.0,0.0
0.0,0.0,0.0,0.0,0.0,0.0,0.0,0.0
0.0,0.0,0.0,0.0,0.0,0.0,0.0,0.0
0.0,0.0,0.0,0.0,0.0,0.0,0.0,0.0
0.0,0.0,0.0,0.0,0.0,0.0,0.0,0.0
0.0,0.0,0.0,0.0,0.0,0.0,0.0,0.0
0.0,0.0,0.0,0.0,0.0,0.0,0.0,0.0
0.0,0.0,0.0,0.0,0.0,0.0,0.0,0.0
0.0,0.0,0.0,0.0,0.0,0.0,0.0,0.0
0.0,0.0,0.0,0.0,0.0,0.0,0.0,0.0
0.0,0.0,0.0,0.0,0.0,0.0,0.0,0.0
0.0,0.0,0.0,0.0,0.0,0.0,0.0,0.0
0.0,0.0,0.0,0.0,0.0,0.0,0.0,0.0
0.0,0.0,0.0,0.0,0.0,0.0,0.0,0.0
0.0,0.0,0.0,0.0,0.0,0.0,0.0,0.0
0.0,0.0,0.0,0.0,0.0,0.0,0.0,0.0
0.0,0.0,0.0,0.0,0.0,0.0,0.0,0.0
0.0,0.0,0.0,0.0,0.0,0.0,0.0,0.0
0.0,0.0,0.0,0.0,0.0,0.0,0.0,0.0
0.0,0.0,0.0,0.0,0.0,0.0,0.0,0.0
0.0,0.0,0.0,0.0,0.0,0.0,0.0,0.0
0.0,0.0,0.0,0.0,0.0,0.0,0.0,0.0
0.0,0.0,0.0,0.0,0.0,0.0,0.0,0.0
0.0,0.0,0.0,0.0,0.0,0.0,0.0,0.0
0.0,0.0,0.0,0.0,0.0,0.0,0.0,0.0
0.0,0.0,0.0,0.0,0.0,0.0,0.0,0.0
0.0,0.0,0.0,0.0,0.0,0.0,0.0,0.0
0.0,0.0,0.0,0.0,0.0,0.0,0.0,0.0
0.0,0.0,0.0,0.0,0.0,0.0,0.0,0.0
0.0,0.0,0.0,0.0,0.0,0.0,0.0,0.0
0.0,0.0,0.0,0.0,0.0,0.0,0.0,0.0
0.0,0.0,0.0,0.0,0.0,0.0,0.0,0.0
0.0,0.0,0.0,0.0,0.0,0.0,0.0,0.0
0.0,0.0,0.0,0.0,0.0,0.0,0.0,0.0
0.0,0.0,0.0,0.0,0.0,0.0,0.0,0.0
0.0,0.0,0.0,0.0,0.0,0.0,0.0,0.0
0.0,0.0,0.0,0.0,0.0,0.0,0.0,0.0
0.0,0.0,0.0,0.0,0.0,0.0,0.0,0.0
0.0,0.0,0.0,0.0,0.0,0.0,0.0,0.0
0.0,0.0,0.0,0.0,0.0,0.0,0.0,0.0
0.0,0.0,0.0,0.0,0.0,0.0,0.0,0.0
0.0,0.0,0.0,0.0,0.0,0.0,0.0,0.0
0.0,0.0,0.0,0.0,0.0,0.0,0.0,0.0
0.0,0.0,0.0,0.0,0.0,0.0,0.0,0.0
0.0,0.0,0.0,0.0,0.0,0.0,0.0,0.0
0.0,0.0,0.0,0.0,0.0,0.0,0.0,0.0
0.0,0.0,0.0,0.0,0.0,0.0,0.0,0.0
0.0,0.0,0.0,0.0,0.0,0.0,0.0,0.0
0.0,0.0,0.0,0.0,0.0,0.0,0.0,0.0
0.0,0.0,0.0,0.0,0.0,0.0,0.0,0.0
0.0,0.0,0.0,0.0,0.0,0.0,0.0,0.0
0.0,0.0,0.0,0.0,0.0,0.0,0.0,0.0
0.0,0.0,0.0,0.0,0.0,0.0,0.0,0.0
0.0,0.0,0.0,0.0,0.0,0.0,0.0,0.0
0.0,0.0,0.0,0.0,0.0,0.0,0.0,0.0
0.0,0.0,0.0,0.0,0.0,0.0,0.0,0.0
0.0,0.0,0.0,0.0,0.0,0.0,0.0,0.0
0.0,0.0,0.0,0.0,0.0,0.0,0.0,0.0
0.0,0.0,0.0,0.0,0.0,0.0,0.0,0.0
0.0,0.0,0.0,0.0,0.0,0.0,0.0,0.0
0.0,0.0,0.0,0.0,0.0,0.0,0.0,0.0
0.0,0.0,0.0,0.0,0.0,0.0,0.0,0.0
0.0,0.0,0.0,0.0,0.0,0.0,0.0,0.0
0.0,0.0,0.0,0.0,0.0,0.0,0.0,0.0
0.0,0.0,0.0,0.0,0.0,0.0,0.0,0.0
0.0,0.0,0.0,0.0,0.0,0.0,0.0,0.0
0.0,0.0,0.0,0.0,0.0,0.0,0.0,0.0
0.0,0.0,0.0,0.0,0.0,0.0,0.0,0.0
0.0,0.0,0.0,0.0,0.0,0.0,0.0,0.0
0.0,0.0,0.0,0.0,0.0,0.0,0.0,0.0
0.0,0.0,0.0,0.0,0.0,0.0,0.0,0.0
0.0,0.0,0.0,0.0,0.0,0.0,0.0,0.0
0.0,0.0,0.0,0.0,0.0,0.0,0.0,0.0
0.0,0.0,0.0,0.0,0.0,0.0,0.0,0.0
0.0,0.0,0.0,0.0,0.0,0.0,0.0,0.0
0.0,0.0,0.0,0.0,0.0,0.0,0.0,0.0
0.0,0.0,0.0,0.0,0.0,0.0,0.0,0.0
0.0,0.0,0.0,0.0,0.0,0.0,0.0,0.0
0.0,0.0,0.0,0.0,0.0,0.0,0.0,0.0
0.0,0.0,0.0,0.0,0.0,0.0,0.0,0.0
0.0,0.0,0.0,0.0,0.0,0.0,0.0,0.0
0.0,0.0,0.0,0.0,0.0,0.0,0.0,0.0
0.0,0.0,0.0,0.0,0.0,0.0,0.0,0.0
0.0,0.0,0.0,0.0,0.0,0.0,0.0,0.0
0.0,0.0,0.0,0.0,0.0,0.0,0.0,0.0
0.0,0.0,0.0,0.0,0.0,0.0,0.0,0.0
0.0,0.0,0.0,0.0,0.0,0.0,0.0,0.0
0.0,0.0,0.0,0.0,0.0,0.0,0.0,0.0
0.0,0.0,0.0,0.0,0.0,0.0,0.0,0.0
0.0,0.0,0.0,0.0,0.0,0.0,0.0,0.0
0.0,0.0,0.0,0.0,0.0,0.0,0.0,0.0
0.0,0.0,0.0,0.0,0.0,0.0,0.0,0.0
0.0,0.0,0.0,0.0,0.0,0.0,0.0,0.0
0.0,0.0,0.0,0.0,0.0,0.0,0.0,0.0
0.0,0.0,0.0,0.0,0.0,0.0,0.0,0.0
0.0,0.0,0.0,0.0,0.0,0.0,0.0,0.0
0.0,0.0,0.0,0.0,0.0,0.0,0.0,0.0
0.0,0.0,0.0,0.0,0.0,0.0,0.0,0.0
0.0,0.0,0.0,0.0,0.0,0.0,0.0,0.0
0.0,0.0,0.0,0.0,0.0,0.0,0.0,0.0
0.0,0.0,0.0,0.0,0.0,0.0,0.0,0.0
0.0,0.0,0.0,0.0,0.0,0.0,0.0,0.0
0.0,0.0,0.0,0.0,0.0,0.0,0.0,0.0
0.0,0.0,0.0,0.0,0.0,0.0,0.0,0.0
0.0,0.0,0.0,0.0,0.0,0.0,0.0,0.0
0.0,0.0,0.0,0.0,0.0,0.0,0.0,0.0
0.0,0.0,0.0,0.0,0.0,0.0,0.0,0.0
0.0,0.0,0.0,0.0,0.0,0.0,0.0,0.0
0.0,0.0,0.0,0.0,0.0,0.0,0.0,0.0
0.0,0.0,0.0,0.0,0.0,0.0,0.0,0.0
0.0,0.0,0.0,0.0,0.0,0.0,0.0,0.0
0.0,0.0,0.0,0.0,0.0,0.0,0.0,0.0
0.0,0.0,0.0,0.0,0.0,0.0,0.0,0.0
0.0,0.0,0.0,0.0,0.0,0.0,0.0,0.0
0.0,0.0,0.0,0.0,0.0,0.0,0.0,0.0
0.0,0.0,0.0,0.0,0.0,0.0,0.0,0.0
0.0,0.0,0.0,0.0,0.0,0.0,0.0,0.0
0.0,0.0,0.0,0.0,0.0,0.0,0.0,0.0
0.0,0.0,0.0,0.0,0.0,0.0,0.0,0.0
0.0,0.0,0.0,0.0,0.0,0.0,0.0,0.0
0.0,0.0,0.0,0.0,0.0,0.0,0.0,0.0
0.0,0.0,0.0,0.0,0.0,0.0,0.0,0.0
0.0,0.0,0.0,0.0,0.0,0.0,0.0,0.0
0.0,0.0,0.0,0.0,0.0,0.0,0.0,0.0
0.0,0.0,0.0,0.0,0.0,0.0,0.0,0.0
0.0,0.0,0.0,0.0,0.0,0.0,0.0,0.0
0.0,0.0,0.0,0.0,0.0,0.0,0.0,0.0
0.0,0.0,0.0,0.0,0.0,0.0,0.0,0.0
0.0,0.0,0.0,0.0,0.0,0.0,0.0,0.0
0.0,0.0,0.0,0.0,0.0,0.0,0.0,0.0
0.0,0.0,0.0,0.0,0.0,0.0,0.0,0.0
0.0,0.0,0.0,0.0,0.0,0.0,0.0,0.0
0.0,0.0,0.0,0.0,0.0,0.0,0.0,0.0
0.0,0.0,0.0,0.0,0.0,0.0,0.0,0.0
0.0,0.0,0.0,0.0,0.0,0.0,0.0,0.0
0.0,0.0,0.0,0.0,0.0,0.0,0.0,0.0
0.0,0.0,0.0,0.0,0.0,0.0,0.0,0.0
0.0,0.0,0.0,0.0,0.0,0.0,0.0,0.0
0.0,0.0,0.0,0.0,0.0,0.0,0.0,0.0
0.0,0.0,0.0,0.0,0.0,0.0,0.0,0.0
0.0,0.0,0.0,0.0,0.0,0.0,0.0,0.0
0.0,0.0,0.0,0.0,0.0,0.0,0.0,0.0
0.0,0.0,0.0,0.0,0.0,0.0,0.0,0.0
0.0,0.0,0.0,0.0,0.0,0.0,0.0,0.0
0.0,0.0,0.0,0.0,0.0,0.0,0.0,0.0
0.0,0.0,0.0,0.0,0.0,0.0,0.0,0.0
0.0,0.0,0.0,0.0,0.0,0.0,0.0,0.0
0.0,0.0,0.0,0.0,0.0,0.0,0.0,0.0
0.0,0.0,0.0,0.0,0.0,0.0,0.0,0.0
0.0,0.0,0.0,0.0,0.0,0.0,0.0,0.0
0.0,0.0,0.0,0.0,0.0,0.0,0.0,0.0
0.0,0.0,0.0,0.0,0.0,0.0,0.0,0.0
0.0,0.0,0.0,0.0,0.0,0.0,0.0,0.0
0.0,0.0,0.0,0.0,0.0,0.0,0.0,0.0
0.0,0.0,0.0,0.0,0.0,0.0,0.0,0.0
0.0,0.0,0.0,0.0,0.0,0.0,0.0,0.0
0.0,0.0,0.0,0.0,0.0,0.0,0.0,0.0
0.0,0.0,0.0,0.0,0.0,0.0,0.0,0.0
0.0,0.0,0.0,0.0,0.0,0.0,0.0,0.0
0.0,0.0,0.0,0.0,0.0,0.0,0.0,0.0
0.0,0.0,0.0,0.0,0.0,0.0,0.0,0.0
0.0,0.0,0.0,0.0,0.0,0.0,0.0,0.0
0.0,0.0,0.0,0.0,0.0,0.0,0.0,0.0
0.0,0.0,0.0,0.0,0.0,0.0,0.0,0.0
0.0,0.0,0.0,0.0,0.0,0.0,0.0,0.0
0.0,0.0,0.0,0.0,0.0,0.0,0.0,0.0
0.0,0.0,0.0,0.0,0.0,0.0,0.0,0.0
0.0,0.0,0.0,0.0,0.0,0.0,0.0,0.0
0.0,0.0,0.0,0.0,0.0,0.0,0.0,0.0
0.0,0.0,0.0,0.0,0.0,0.0,0.0,0.0
0.0,0.0,0.0,0.0,0.0,0.0,0.0,0.0
0.0,0.0,0.0,0.0,0.0,0.0,0.0,0.0
0.0,0.0,0.0,0.0,0.0,0.0,0.0,0.0
0.0,0.0,0.0,0.0,0.0,0.0,0.0,0.0
0.0,0.0,0.0,0.0,0.0,0.0,0.0,0.0
0.0,0.0,0.0,0.0,0.0,0.0,0.0,0.0
0.0,0.0,0.0,0.0,0.0,0.0,0.0,0.0
0.0,0.0,0.0,0.0,0.0,0.0,0.0,0.0
0.0,0.0,0.0,0.0,0.0,0.0,0.0,0.0
0.0,0.0,0.0,0.0,0.0,0.0,0.0,0.0
0.0,0.0,0.0,0.0,0.0,0.0,0.0,0.0
0.0,0.0,0.0,0.0,0.0,0.0,0.0,0.0
0.0,0.0,0.0,0.0,0.0,0.0,0.0,0.0
0.0,0.0,0.0,0.0,0.0,0.0,0.0,0.0
0.0,0.0,0.0,0.0,0.0,0.0,0.0,0.0
0.0,0.0,0.0,0.0,0.0,0.0,0.0,0.0
0.0,0.0,0.0,0.0,0.0,0.0,0.0,0.0
0.0,0.0,0.0,0.0,0.0,0.0,0.0,0.0
0.0,0.0,0.0,0.0,0.0,0.0,0.0,0.0
0.0,0.0,0.0,0.0,0.0,0.0,0.0,0.0
0.0,0.0,0.0,0.0,0.0,0.0,0.0,0.0
0.0,0.0,0.0,0.0,0.0,0.0,0.0,0.0
0.0,0.0,0.0,0.0,0.0,0.0,0.0,0.0
0.0,0.0,0.0,0.0,0.0,0.0,0.0,0.0
0.0,0.0,0.0,0.0,0.0,0.0,0.0,0.0
0.0,0.0,0.0,0.0,0.0,0.0,0.0,0.0
0.0,0.0,0.0,0.0,0.0,0.0,0.0,0.0
0.0,0.0,0.0,0.0,0.0,0.0,0.0,0.0
0.0,0.0,0.0,0.0,0.0,0.0,0.0,0.0
0.0,0.0,0.0,0.0,0.0,0.0,0.0,0.0
0.0,0.0,0.0,0.0,0.0,0.0,0.0,0.0
0.0,0.0,0.0,0.0,0.0,0.0,0.0,0.0
0.0,0.0,0.0,0.0,0.0,0.0,0.0,0.0
0.0,0.0,0.0,0.0,0.0,0.0,0.0,0.0
0.0,0.0,0.0,0.0,0.0,0.0,0.0,0.0
0.0,0.0,0.0,0.0,0.0,0.0,0.0,0.0
0.0,0.0,0.0,0.0,0.0,0.0,0.0,0.0
0.0,0.0,0.0,0.0,0.0,0.0,0.0,0.0
0.0,0.0,0.0,0.0,0.0,0.0,0.0,0.0
0.0,0.0,0.0,0.0,0.0,0.0,0.0,0.0
0.0,0.0,0.0,0.0,0.0,0.0,0.0,0.0
0.0,0.0,0.0,0.0,0.0,0.0,0.0,0.0
0.0,0.0,0.0,0.0,0.0,0.0,0.0,0.0
0.0,0.0,0.0,0.0,0.0,0.0,0.0,0.0
0.0,0.0,0.0,0.0,0.0,0.0,0.0,0.0
0.0,0.0,0.0,0.0,0.0,0.0,0.0,0.0
0.0,0.0,0.0,0.0,0.0,0.0,0.0,0.0
0.0,0.0,0.0,0.0,0.0,0.0,0.0,0.0
0.0,0.0,0.0,0.0,0.0,0.0,0.0,0.0
0.0,0.0,0.0,0.0,0.0,0.0,0.0,0.0
0.0,0.0,0.0,0.0,0.0,0.0,0.0,0.0
0.0,0.0,0.0,0.0,0.0,0.0,0.0,0.0
0.0,0.0,0.0,0.0,0.0,0.0,0.0,0.0
0.0,0.0,0.0,0.0,0.0,0.0,0.0,0.0
0.0,0.0,0.0,0.0,0.0,0.0,0.0,0.0
0.0,0.0,0.0,0.0,0.0,0.0,0.0,0.0
0.0,0.0,0.0,0.0,0.0,0.0,0.0,0.0
0.0,0.0,0.0,0.0,0.0,0.0,0.0,0.0
0.0,0.0,0.0,0.0,0.0,0.0,0.0,0.0
0.0,0.0,0.0,0.0,0.0,0.0,0.0,0.0
0.0,0.0,0.0,0.0,0.0,0.0,0.0,0.0
0.0,0.0,0.0,0.0,0.0,0.0,0.0,0.0
0.0,0.0,0.0,0.0,0.0,0.0,0.0,0.0
0.0,0.0,0.0,0.0,0.0,0.0,0.0,0.0
0.0,0.0,0.0,0.0,0.0,0.0,0.0,0.0
0.0,0.0,0.0,0.0,0.0,0.0,0.0,0.0
0.0,0.0,0.0,0.0,0.0,0.0,0.0,0.0
0.0,0.0,0.0,0.0,0.0,0.0,0.0,0.0
0.0,0.0,0.0,0.0,0.0,0.0,0.0,0.0
0.0,0.0,0.0,0.0,0.0,0.0,0.0,0.0
0.0,0.0,0.0,0.0,0.0,0.0,0.0,0.0
0.0,0.0,0.0,0.0,0.0,0.0,0.0,0.0
0.0,0.0,0.0,0.0,0.0,0.0,0.0,0.0
0.0,0.0,0.0,0.0,0.0,0.0,0.0,0.0
0.0,0.0,0.0,0.0,0.0,0.0,0.0,0.0
0.0,0.0,0.0,0.0,0.0,0.0,0.0,0.0
0.0,0.0,0.0,0.0,0.0,0.0,0.0,0.0
0.0,0.0,0.0,0.0,0.0,0.0,0.0,0.0
0.0,0.0,0.0,0.0,0.0,0.0,0.0,0.0
0.0,0.0,0.0,0.0,0.0,0.0,0.0,0.0
0.0,0.0,0.0,0.0,0.0,0.0,0.0,0.0
0.0,0.0,0.0,0.0,0.0,0.0,0.0,0.0
0.0,0.0,0.0,0.0,0.0,0.0,0.0,0.0
0.0,0.0,0.0,0.0,0.0,0.0,0.0,0.0
0.0,0.0,0.0,0.0,0.0,0.0,0.0,0.0
0.0,0.0,0.0,0.0,0.0,0.0,0.0,0.0
0.0,0.0,0.0,0.0,0.0,0.0,0.0,0.0
0.0,0.0,0.0,0.0,0.0,0.0,0.0,0.0
0.0,0.0,0.0,0.0,0.0,0.0,0.0,0.0
0.0,0.0,0.0,0.0,0.0,0.0,0.0,0.0
0.0,0.0,0.0,0.0,0.0,0.0,0.0,0.0
0.0,0.0,0.0,0.0,0.0,0.0,0.0,0.0
0.0,0.0,0.0,0.0,0.0,0.0,0.0,0.0
0.0,0.0,0.0,0.0,0.0,0.0,0.0,0.0
0.0,0.0,0.0,0.0,0.0,0.0,0.0,0.0
0.0,0.0,0.0,0.0,0.0,0.0,0.0,0.0
0.0,0.0,0.0,0.0,0.0,0.0,0.0,0.0
0.0,0.0,0.0,0.0,0.0,0.0,0.0,0.0
0.0,0.0,0.0,0.0,0.0,0.0,0.0,0.0
0.0,0.0,0.0,0.0,0.0,0.0,0.0,0.0
0.0,0.0,0.0,0.0,0.0,0.0,0.0,0.0
0.0,0.0,0.0,0.0,0.0,0.0,0.0,0.0
0.0,0.0,0.0,0.0,0.0,0.0,0.0,0.0
0.0,0.0,0.0,0.0,0.0,0.0,0.0,0.0
0.0,0.0,0.0,0.0,0.0,0.0,0.0,0.0
0.0,0.0,0.0,0.0,0.0,0.0,0.0,0.0
0.0,0.0,0.0,0.0,0.0,0.0,0.0,0.0
0.0,0.0,0.0,0.0,0.0,0.0,0.0,0.0
0.0,0.0,0.0,0.0,0.0,0.0,0.0,0.0
0.0,0.0,0.0,0.0,0.0,0.0,0.0,0.0
0.0,0.0,0.0,0.0,0.0,0.0,0.0,0.0
0.0,0.0,0.0,0.0,0.0,0.0,0.0,0.0
0.0,0.0,0.0,0.0,0.0,0.0,0.0,0.0
0.0,0.0,0.0,0.0,0.0,0.0,0.0,0.0
