x,y,z,nx,ny,nz,curvature,density
29.478673934936523,15.398614883422852,-1.4703893661499023,-0.9950289399764874,0.09845921453681121,0.014939601134620766,0.12284263012284467,4.0
29.65689468383789,15.473675727844238,-1.497354507446289,-0.5945099632916986,0.5100100542194682,-0.6216491358812929,0.07041942514875338,3.0
28.490177154541016,15.342150688171387,-1.5468776226043701,-0.0,-0.0,-1.0,0.027877818227177182,1.0
29.49909210205078,15.414773941040039,-1.5046300888061523,-0.23047198262590823,-0.3317743111015588,-0.9147723605999305,0.09370059349739075,4.0
29.5416259765625,15.344806671142578,-1.5173392295837402,-0.0,-0.0,-1.0,0.0851741585960623,2.0
29.54393196105957,15.198444366455078,-1.5202548503875732,-0.714201266796465,-0.3142423583897396,-0.625434481540616,0.056375408883243806,3.0
29.67862319946289,15.333745956420898,-1.506906509399414,-0.0,-0.0,-1.0,0.06577251724493034,2.0
28.25390625,14.628066062927246,-1.4416530132293701,-0.0,-0.0,-1.0,0.1651687682381405,2.0
29.69815444946289,13.684370994567871,-1.4558351039886475,-0.0,-0.0,-1.0,0.05350579800414605,1.0
29.588457107543945,14.88916015625,-1.321599006652832,-0.0,-0.0,-1.0,0.1119431165715372,1.0
29.255584716796875,14.632024765014648,-1.4953622817993164,-0.0,-0.0,-1.0,0.056120900835823835,1.0
29.53943634033203,15.497735977172852,-1.44669771194458,-0.0,-0.0,-1.0,0.0730950026764559,2.0
27.87063217163086,13.768381118774414,-1.1172268390655518,-0.0,-0.0,-1.0,0.18475617692806912,1.0
29.478256225585938,15.51041030883789,-1.489501953125,-0.0,-0.0,-1.0,0.0798530513472883,1.0
29.70928192138672,15.611715316772461,-1.2943644523620605,-0.0,-0.0,-1.0,0.20691487505063688,1.0
29.507713317871094,15.423179626464844,-1.451317310333252,0.1481558235835369,0.49125718945091235,-0.8583217495502923,0.09671921184577979,3.0
29.682769775390625,15.404952049255371,-1.4573874473571777,0.2901883842084255,0.9382614501788081,-0.18829804241909412,0.07222459273478785,3.0
28.321001052856445,14.589542388916016,-1.2203576564788818,-0.36256864516643744,-0.9319285164764741,0.007295047644263436,0.20325976555344172,5.0
28.314058303833008,14.56507682800293,-1.354001760482788,-0.6785666441062745,0.4010611370234187,-0.6153838427159356,0.17016209056622433,5.0
28.986042022705078,13.878522872924805,-1.4710700511932373,-0.0,-0.0,-1.0,0.1351481643756337,1.0
29.520090103149414,13.666604042053223,-1.4789650440216064,-0.0,-0.0,-1.0,0.05417289830960757,1.0
29.087892532348633,13.908035278320312,-1.4375849962234497,-0.0,-0.0,-1.0,0.21646780420224784,2.0
28.87108612060547,14.739383697509766,-1.4912000894546509,-0.0,-0.0,-1.0,0.020642394814498796,1.0
29.31858253479004,14.14474105834961,-1.5530411005020142,-0.0,-0.0,-1.0,0.07033405407423828,1.0
29.56462287902832,13.686963081359863,-1.511558175086975,-0.0,-0.0,-1.0,0.05145397288178858,2.0
28.679149627685547,14.772584915161133,-1.4542031288146973,-0.09551915298987962,0.3385082568009109,-0.9361026928119076,0.03465953117907002,3.0
28.692787170410156,14.75562572479248,-1.4617273807525635,-0.0,-0.0,-1.0,0.03411655074785485,2.0
28.656795501708984,14.92551040649414,-1.45030677318573,-0.0,-0.0,-1.0,0.0379501975006687,1.0
28.894886016845703,14.897546768188477,-1.480992078781128,-0.0,-0.0,-1.0,0.02497378707796475,2.0
29.072843551635742,14.066951751708984,-1.4335169792175293,0.8401330806567621,-0.0497288914691769,-0.5400957731175324,0.1978473874851866,3.0
29.147756576538086,14.071500778198242,-1.8117005825042725,-0.0,-0.0,-1.0,0.21583613500539764,1.0
29.148393630981445,14.352802276611328,-1.5585086345672607,-0.0,-0.0,-1.0,0.08436163053930124,2.0
29.268369674682617,13.945291519165039,-1.5337738990783691,-0.3554711503735683,0.13438854426190128,-0.9249756647735436,0.12531832991706204,3.0
28.550535202026367,14.85413646697998,-1.4385292530059814,0.30661808238793004,-0.8991832631447414,-0.31217753095494144,0.09616879291676503,4.0
27.828481674194336,13.656810760498047,-1.373350739479065,-0.0,-0.0,-1.0,0.1800145631372774,1.0
28.390016555786133,14.527849197387695,-1.2599085569381714,-0.20947007721598945,-0.5999481764067892,-0.7721298287058308,0.15184453144170237,4.0
28.355060577392578,14.54955768585205,-1.2549443244934082,-0.3520821190575262,-0.9351131589485555,-0.040019512755848245,0.21293488500917915,4.0
28.365596771240234,14.850696563720703,-1.4295004606246948,0.3520804016547451,-0.8787219016516552,0.32231538953070743,0.08913883531941529,5.0
28.324705123901367,14.602959632873535,-1.1996897459030151,-0.8852264503404329,-0.30139513220847625,0.35430933645433677,0.17630667733777655,3.0
28.03105926513672,15.155879974365234,-1.6021250486373901,-0.3154317593500384,0.6439361091084086,-0.6970287602241843,0.030067778805342164,3.0
28.573667526245117,14.858314514160156,-1.4768894910812378,-0.0,-0.0,-1.0,0.08632833988595479,2.0
29.392425537109375,15.208099365234375,-1.550848126411438,-0.882792418903589,-0.3564434752199128,-0.3059829964221897,0.05350458693404904,3.0
28.4110164642334,14.866106033325195,-1.4312185049057007,-0.26880317711960305,-0.35320405135021127,-0.8960980694545685,0.12288520822613305,8.0
28.061717987060547,15.633620262145996,-1.3612674474716187,-0.0,-0.0,-1.0,0.17898843632778833,2.0
28.37496566772461,14.588825225830078,-1.296317458152771,-0.5429420710312209,-0.375341281187818,0.7512208930405331,0.14612938080876361,7.0
28.101165771484375,13.687589645385742,-1.4130268096923828,0.12332614974352223,-0.5459861705514566,-0.8286674618663351,0.06993664747793936,3.0
28.406475067138672,14.565107345581055,-1.2844493389129639,-0.9614299334986047,-0.2485277491874365,-0.11784074361906996,0.15793515924349227,6.0
29.007259368896484,14.074212074279785,-1.4506946802139282,0.5940057993365417,0.507434531910105,-0.6242333747723912,0.19255515765478196,5.0
29.226970672607422,13.824621200561523,-1.5157686471939087,-0.0,-0.0,-1.0,0.09798627713738171,2.0
28.252050399780273,14.611994743347168,-1.4772870540618896,0.6172148178014879,-0.7287732085274555,0.2965391697885355,0.14354394698419273,3.0
28.732805252075195,14.391764640808105,-1.62441086769104,-0.0,-0.0,-1.0,0.048452955459048284,1.0
28.295265197753906,15.03642463684082,-1.4566701650619507,-0.0,-0.0,-1.0,0.17097025137195052,1.0
28.512542724609375,14.500863075256348,-1.510541558265686,-0.0,-0.0,-1.0,0.12185050865221311,2.0
28.300384521484375,15.359345436096191,-1.629765272140503,-0.8274748162522574,-0.40033044891161385,-0.3937270122083561,0.0348656799573777,3.0
29.63939666748047,13.711854934692383,-1.510582447052002,-0.5451647004486496,0.029284907225360163,-0.83781730919905,0.05350579800414605,4.0
29.028417587280273,13.767605781555176,-1.3609693050384521,-0.0,-0.0,-1.0,0.12949909927236944,1.0
28.41187286376953,14.803558349609375,-1.4718639850616455,0.9138048817877346,0.25832698482973415,-0.313413156918599,0.12555067751219437,5.0
28.350004196166992,14.763102531433105,-1.4613193273544312,-0.0,-0.0,-1.0,0.10937151831643532,1.0
27.754369735717773,14.53740406036377,-1.4254646301269531,-0.0,-0.0,-1.0,0.01500126176694891,1.0
28.168333053588867,15.00351333618164,-1.5388169288635254,0.5584988196423996,-0.6967239911705555,-0.45017191003595347,0.09974546357923854,3.0
28.266754150390625,14.967253684997559,-1.4798007011413574,-0.780224674465855,-0.2042131466430927,-0.5912245327223642,0.20280678206753727,3.0
28.05356216430664,14.470022201538086,-1.4290521144866943,0.4417264916751456,-0.21294992920702455,-0.8715102031548976,0.0930560822834837,3.0
28.19393539428711,14.436314582824707,-1.4076083898544312,-0.0,-0.0,-1.0,0.10704155406699119,1.0
28.360458374023438,14.93398666381836,-1.4804233312606812,0.5823102115986054,-0.5501460906098392,-0.5985433120958736,0.10038956531933758,4.0
28.338237762451172,14.720101356506348,-1.5432873964309692,-0.0,-0.0,-1.0,0.09246173103838952,1.0
29.01299476623535,15.367111206054688,-1.576286792755127,-0.10254006232665247,0.6079886928190944,-0.7872961863378833,0.020103005833814226,6.0
28.481019973754883,14.815767288208008,-1.4409537315368652,0.019215402923331727,-0.5176689959566171,-0.855365172844769,0.10594881181330482,4.0
28.36982536315918,14.625293731689453,-1.4112129211425781,0.4307632629100539,0.8961638881438022,-0.10645795843461474,0.17517491670806704,7.0
28.32355308532715,14.623824119567871,-1.4301393032073975,0.07705818000054192,0.6918627270833595,-0.7179052888562539,0.21021722281816932,7.0
28.350997924804688,14.935419082641602,-1.513840675354004,0.6944929083269965,-0.6831194405911566,-0.22589251906589383,0.09617242391221136,3.0
28.107254028320312,14.357892990112305,-1.4171011447906494,0.2380051023665295,0.15002037360974327,-0.9596079713870093,0.1313624678850648,7.0
29.637948989868164,15.227298736572266,-1.501533031463623,0.11704398220925309,-0.6135710385296365,-0.7809169526308564,0.07676767738586693,4.0
28.3167667388916,14.545734405517578,-1.4025683403015137,0.4312331259977213,-0.8887840949015064,-0.15524439987433908,0.23626304569018247,3.0
28.259855270385742,14.823808670043945,-1.4064350128173828,-0.0,-0.0,-1.0,0.16055621866449077,1.0
28.489471435546875,14.922639846801758,-1.455878496170044,0.8622808337849545,-0.35106180695379763,-0.3650032484587757,0.10778717768897814,4.0
28.091171264648438,14.484956741333008,-1.4136390686035156,0.002564735454790123,0.7150296892422265,-0.6990893831508327,0.09501360873660233,3.0
28.04566192626953,14.421475410461426,-1.4049005508422852,0.6831783479099726,0.6603518038593701,0.31177370012025807,0.07411263490997676,4.0
28.398738861083984,14.849936485290527,-1.4429099559783936,-0.19472790575137003,-0.4196828188652185,-0.8865367303564078,0.07497009259481821,10.0
28.29193878173828,14.527116775512695,-1.3649475574493408,-0.8567063708637025,0.46934232918784363,-0.21394385280739903,0.17461632647526526,4.0
28.271690368652344,14.52099323272705,-1.2896769046783447,-0.0,-0.0,-1.0,0.1434540320915858,1.0
27.79475975036621,14.179213523864746,-1.393906593322754,-0.0,-0.0,-1.0,0.0140497125507966,1.0
28.499074935913086,14.952066421508789,-1.4688689708709717,0.9879678544974532,0.1539137811292366,0.01516794179184937,0.08512758532839758,5.0
29.626667022705078,15.373045921325684,-1.4702439308166504,-0.5048683880122908,0.6101890473464486,-0.6105548601758115,0.08382403343586949,4.0
28.134967803955078,14.387251853942871,-1.4080407619476318,0.24937013880477232,0.03218206296412765,-0.9678733639768488,0.12222971663729042,4.0
27.76424217224121,14.82535171508789,-1.535463809967041,-0.6591321186184574,-0.7518471284779847,-0.01645434911968221,0.0066813298678732435,3.0
29.021970748901367,13.976380348205566,-1.3951804637908936,-0.0,-0.0,-1.0,0.24291938215363884,2.0
28.553131103515625,13.90989875793457,-1.3229155540466309,-0.0,-0.0,-1.0,0.07538426853215333,1.0
28.647035598754883,14.124019622802734,-1.4433894157409668,0.016101379322984513,-0.888864150770376,0.45788783239911046,0.07287162118197103,3.0
29.50272560119629,15.454549789428711,-1.4342236518859863,-0.0,-0.0,-1.0,0.0777195243206416,2.0
28.311450958251953,14.492239952087402,-1.4344635009765625,-0.6882629482105558,0.31875582861551505,0.6516815448086202,0.19105512315207182,3.0
29.250539779663086,13.978738784790039,-1.5220623016357422,-0.3554711503735683,0.13438854426190128,-0.9249756647735436,0.10659942408866063,3.0
29.411775588989258,14.153105735778809,-1.5644941329956055,-0.0,-0.0,-1.0,0.030601550689726375,2.0
29.55826187133789,14.063297271728516,-1.5817718505859375,-0.0,-0.0,-1.0,0.01999702224169051,2.0
29.3565673828125,14.606217384338379,-1.5997333526611328,-0.0,-0.0,-1.0,0.06441709298808146,1.0
28.948686599731445,14.899147987365723,-1.5572118759155273,-0.0,-0.0,-1.0,0.02916476300013867,1.0
29.1221866607666,14.822280883789062,-1.580026626586914,-0.0,-0.0,-1.0,0.039733320545264565,1.0
28.917097091674805,15.4212007522583,-1.6052842140197754,-0.12251111734733768,0.42240843950375584,-0.8980880448833002,0.01637584468743539,3.0
29.360088348388672,13.845019340515137,-1.525014877319336,-0.0,-0.0,-1.0,0.06931743062843734,1.0
29.05312728881836,14.135119438171387,-1.4988727569580078,-0.0,-0.0,-1.0,0.18744729200507776,2.0
28.324962615966797,14.629258155822754,-1.4197635650634766,-0.3218415289245317,-0.9349431540539753,-0.14932959836256268,0.1601319159014233,6.0
28.432649612426758,14.87854290008545,-1.4642648696899414,0.04534335047627457,-0.8368364090983104,-0.5455719979755475,0.09569470126399078,8.0
29.580934524536133,15.321313858032227,-1.473228931427002,-0.4749812305763675,0.2769303579094696,-0.8352858238161908,0.08451139695661788,3.0
29.67329978942871,15.48696231842041,-1.5021429061889648,-0.5945099632916986,0.5100100542194682,-0.6216491358812929,0.056331457903062,3.0
29.50132942199707,13.900688171386719,-1.533156394958496,-0.0,-0.0,-1.0,0.06151911674737339,1.0
29.327333450317383,14.099386215209961,-1.526857852935791,0.1316591887122715,0.4218981374451989,-0.8970327862725527,0.15406393460847093,3.0
29.350614547729492,14.462738037109375,-1.5853829383850098,-0.0,-0.0,-1.0,0.05314989594949714,1.0
29.06534194946289,14.694515228271484,-1.5633087158203125,0.029881611453006676,-0.7302167890450396,-0.6825617410122863,0.10190385557589099,4.0
28.943012237548828,14.770048141479492,-1.550523281097412,-0.04651668849644627,-0.5447116125266255,-0.8373323455295204,0.02246234129408606,3.0
28.647666931152344,15.393474578857422,-1.589752197265625,-0.46128279785327503,0.5268161706260843,-0.7139207958671068,0.014140169174822033,3.0
28.521507263183594,15.618453979492188,-1.6011080741882324,-0.0,-0.0,-1.0,0.018527104209628407,2.0
29.00950813293457,14.111936569213867,-1.46455717086792,-0.2645825748702614,-0.3186899438232771,-0.910182828216913,0.15717733144190207,3.0
28.64215660095215,14.683568954467773,-1.4776039123535156,-0.0,-0.0,-1.0,0.027785379963401986,2.0
28.370725631713867,14.608112335205078,-1.4122719764709473,-0.964309514994864,-0.11603080796504348,0.23800002288518665,0.16942712430432671,7.0
28.418912887573242,14.888803482055664,-1.465414047241211,-0.322819999428524,-0.6875388074021791,-0.6504441838351368,0.07012684164205463,9.0
28.616573333740234,14.063014030456543,-1.5493040084838867,-0.0,-0.0,-1.0,0.0594667673593629,1.0
28.51058578491211,14.3252592086792,-1.566781997680664,-0.0,-0.0,-1.0,0.04023215409892523,1.0
28.07335662841797,14.30420970916748,-1.4690604209899902,-0.03708586249626605,0.9938734168912505,-0.10411661730875654,0.08596691407317453,3.0
28.141433715820312,14.887335777282715,-1.5771751403808594,-0.0,-0.0,-1.0,0.036328154152768494,1.0
28.03012466430664,15.290365219116211,-1.6200342178344727,-0.0,-0.0,-1.0,0.03424378494909923,1.0
27.804534912109375,15.526333808898926,-1.612525463104248,-0.0,-0.0,-1.0,0.10593656732937384,1.0
29.6830997467041,15.613808631896973,-1.4839484691619873,0.0035797615880444763,-0.2711237487861936,-0.9625378424514507,0.1294887919810633,3.0
28.932327270507812,13.748916625976562,-1.4627554416656494,-0.0,-0.0,-1.0,0.18223280827800042,2.0
28.888572692871094,14.151778221130371,-1.4936010837554932,-0.0,-0.0,-1.0,0.05385816278376831,1.0
28.757511138916016,14.385880470275879,-1.4934523105621338,-0.0,-0.0,-1.0,0.09672991988969225,1.0
28.467552185058594,14.539407730102539,-1.4578216075897217,0.3937333956431459,-0.8368266997841369,-0.38038807510713063,0.16917666328894024,3.0
28.33072280883789,14.854104995727539,-1.4666106700897217,-0.0,-0.0,-1.0,0.11424814185385106,2.0
28.413707733154297,15.297582626342773,-1.528855562210083,-0.0,-0.0,-1.0,0.027292789722825037,1.0
28.319549560546875,15.59436321258545,-1.545428991317749,-0.0,-0.0,-1.0,0.09121723443592167,2.0
28.161178588867188,14.290568351745605,-1.3780310153961182,-0.0,-0.0,-1.0,0.1816519576487862,1.0
27.864730834960938,14.936407089233398,-1.5544393062591553,-0.0,-0.0,-1.0,0.00869289362034593,2.0
27.87789535522461,15.114147186279297,-1.5737264156341553,-0.0,-0.0,-1.0,0.01597633570599843,1.0
27.74721908569336,15.331778526306152,-1.5710136890411377,-0.0,-0.0,-1.0,0.09517851994407722,2.0
27.825010299682617,13.783596992492676,-1.4442903995513916,-0.7961287160086689,-0.5300334493834539,-0.29196508366766355,0.017846325389505948,3.0
29.617164611816406,15.250572204589844,-1.5164117813110352,0.11704398220925309,-0.6135710385296365,-0.7809169526308564,0.08020823099165013,4.0
29.613880157470703,13.705429077148438,-1.4956655502319336,-0.2002557488558283,0.7297446658579417,-0.6537356940706791,0.05350579800414603,5.0
29.61644744873047,15.320685386657715,-1.5317597389221191,-0.0,-0.0,-1.0,0.07983605371556435,2.0
29.194961547851562,14.007841110229492,-1.4144515991210938,-0.0,-0.0,-1.0,0.24904751633456945,1.0
29.70084571838379,15.04941177368164,-1.545417070388794,-0.0,-0.0,-1.0,0.07285279195098698,1.0
29.562719345092773,15.300121307373047,-1.5285937786102295,-0.0,-0.0,-1.0,0.0773891344741034,1.0
27.989376068115234,14.560895919799805,-1.5185959339141846,-0.0,-0.0,-1.0,0.035944160575234495,2.0
28.073287963867188,14.831695556640625,-1.550050973892212,-0.0,-0.0,-1.0,0.024251844169513412,1.0
28.15427017211914,15.151673316955566,-1.5841104984283447,-0.0,-0.0,-1.0,0.03206597760299802,2.0
28.206295013427734,15.599401473999023,-1.6202547550201416,0.20674372531904858,-0.7639048440269264,-0.6113153206925205,0.13591888055372897,3.0
27.727062225341797,13.65671157836914,-1.4250028133392334,-0.0,-0.0,-1.0,0.14385316598012057,1.0
27.782230377197266,14.345973014831543,-1.4623162746429443,-0.0,-0.0,-1.0,0.02134619811213279,1.0
29.432537078857422,14.336790084838867,-1.7189934253692627,-0.0,-0.0,-1.0,0.06909597347413045,1.0
29.487201690673828,14.586344718933105,-1.7152211666107178,-0.0,-0.0,-1.0,0.044445218314247026,1.0
29.52843475341797,14.976112365722656,-1.7007453441619873,-0.0,-0.0,-1.0,0.07111195655380635,1.0
29.46904754638672,15.366508483886719,-1.665877103805542,-0.0,-0.0,-1.0,0.09821352166753052,1.0
28.978931427001953,13.897995948791504,-1.6490662097930908,-0.0,-0.0,-1.0,0.13703630360521432,1.0
29.205570220947266,14.200146675109863,-1.6781723499298096,-0.0,-0.0,-1.0,0.21014666198287724,1.0
28.93602752685547,13.763653755187988,-1.6491596698760986,-0.0,-0.0,-1.0,0.13225666002065475,1.0
28.904361724853516,14.06826114654541,-1.6209170818328857,-0.0,-0.0,-1.0,0.07456185176173181,1.0
28.40488052368164,14.556137084960938,-1.4792969226837158,-0.0,-0.0,-1.0,0.163478920514013,1.0
29.623207092285156,13.90435791015625,-1.470823049545288,-0.0,-0.0,-1.0,0.05323518986152922,1.0
29.584983825683594,15.365327835083008,-1.4609391689300537,0.2847205300547745,-0.10184405573595827,-0.9531851908609257,0.10497031935637172,4.0
29.5941162109375,15.619236946105957,-1.4642128944396973,-0.0,-0.0,-1.0,0.21133078969396343,2.0
27.990516662597656,15.104910850524902,-1.5726659297943115,-0.4208423110315134,-0.5456587602258585,-0.724671143784844,0.02369682843106378,4.0
28.160125732421875,15.435715675354004,-1.592505693435669,-0.0,-0.0,-1.0,0.08695651364567701,2.0
27.739330291748047,14.873828887939453,-1.5329854488372803,-0.0,-0.0,-1.0,0.004702217340923169,2.0
28.873775482177734,15.100500106811523,-1.5637640953063965,-0.0,-0.0,-1.0,0.018469840327184555,1.0
28.97634506225586,15.360893249511719,-1.5744667053222656,-0.09598688735651363,0.5985784381494106,-0.7952926322041594,0.02023801154692411,5.0
28.72720718383789,15.026325225830078,-1.5383241176605225,-0.0,-0.0,-1.0,0.018774098360299574,2.0
28.083572387695312,14.22588062286377,-1.4496445655822754,-0.0,-0.0,-1.0,0.04702600020125855,1.0
28.250926971435547,14.558731079101562,-1.4662683010101318,-0.0,-0.0,-1.0,0.17226564997754207,2.0
28.389328002929688,14.882862091064453,-1.479034185409546,0.08292334200292636,-0.668400149302688,-0.7391650423032802,0.08460663779317593,8.0
27.82297134399414,13.775174140930176,-1.4234397411346436,-0.7961287160086689,-0.5300334493834539,-0.29196508366766355,0.12900048667912561,3.0
27.98977279663086,14.041969299316406,-1.4409277439117432,-0.0,-0.0,-1.0,0.015560209398642577,1.0
28.038692474365234,14.446043014526367,-1.430729627609253,0.7129322204009548,-0.4018951778031216,-0.5746372030879673,0.10143249782832205,3.0
29.312725067138672,14.072067260742188,-1.3182625770568848,-0.0,-0.0,-1.0,0.1767062977536119,1.0
29.42605972290039,13.665486335754395,-1.4899322986602783,-0.0,-0.0,-1.0,0.04769820946377494,1.0
29.585081100463867,13.807411193847656,-1.5017931461334229,-0.0,-0.0,-1.0,0.055157612725106366,2.0
29.269729614257812,13.854790687561035,-1.4492897987365723,-0.0,-0.0,-1.0,0.1840878813018904,1.0
29.347476959228516,13.719955444335938,-1.4797945022583008,-0.0,-0.0,-1.0,0.06580417373727422,2.0
29.38653564453125,13.826127052307129,-1.4757516384124756,-0.0,-0.0,-1.0,0.05471827471338024,1.0
28.182270050048828,13.652371406555176,-1.314476728439331,-0.0,-0.0,-1.0,0.11042221722471295,1.0
28.306732177734375,14.604466438293457,-1.2433125972747803,-0.3586388098342851,-0.9334429021038363,0.007909019700028955,0.20325976555344177,6.0
29.428630828857422,14.467401504516602,-1.5890142917633057,-0.0,-0.0,-1.0,0.07216711080793228,1.0
29.51596450805664,14.828156471252441,-1.580888032913208,0.3609960014998285,-0.38045314941862013,-0.8514324917447003,0.0472273251208427,3.0
29.521183013916016,15.040501594543457,-1.56882643699646,-0.8528633832705717,-0.028120151435819887,-0.521376357883152,0.10591277418996005,3.0
29.212909698486328,14.363607406616211,-1.5600879192352295,-0.0,-0.0,-1.0,0.08689495171313408,2.0
29.481101989746094,15.298452377319336,-1.5468485355377197,0.6399911097430067,0.6346323841544601,-0.43318946943842124,0.10579470350590359,3.0
29.16130828857422,14.787631034851074,-1.5242555141448975,-0.0,-0.0,-1.0,0.04918733998561814,2.0
28.75240707397461,14.017578125,-1.5081121921539307,-0.0,-0.0,-1.0,0.09648994774038125,2.0
28.7388916015625,14.225482940673828,-1.4915459156036377,-0.0,-0.0,-1.0,0.0584990318562074,1.0
28.315059661865234,13.803834915161133,-1.4525105953216553,-0.0,-0.0,-1.0,0.022167775877071322,1.0
28.46692657470703,13.891690254211426,-1.47066330909729,0.39027030591642453,0.696110820774072,-0.6025934064700245,0.05347922888356542,3.0
28.287376403808594,14.656684875488281,-1.3883936405181885,-0.0,-0.0,-1.0,0.18351119756681494,2.0
28.107677459716797,13.709052085876465,-1.4261987209320068,-0.22998514477959803,-0.4027684152635972,-0.8859370388728298,0.06993664747793935,5.0
29.49065589904785,15.044851303100586,-1.5027351379394531,-0.0,-0.0,-1.0,0.074986597903976,1.0
29.503551483154297,15.371134757995605,-1.483731746673584,-0.45667589383713525,-0.5271643476738928,-0.7166204563990709,0.10228536094186899,4.0
29.287643432617188,14.738113403320312,-1.492410659790039,-0.0,-0.0,-1.0,0.06368326433018236,2.0
29.184144973754883,14.803634643554688,-1.4723386764526367,-0.0,-0.0,-1.0,0.05051314596636478,1.0
28.340103149414062,14.04956340789795,-1.4015445709228516,-0.0,-0.0,-1.0,0.07421188027991761,1.0
28.3406982421875,14.602970123291016,-1.360450029373169,-0.3703242071420158,0.1515291278729503,-0.9164599854934753,0.1824962487585546,4.0
28.494138717651367,14.858819007873535,-1.364858627319336,-0.0,-0.0,-1.0,0.09745982462925103,1.0
27.978532791137695,13.815215110778809,-1.3673036098480225,-0.0,-0.0,-1.0,0.05737602651512225,1.0
28.153614044189453,13.937910079956055,-1.3829691410064697,-0.0,-0.0,-1.0,0.016452945070748484,1.0
28.1202449798584,14.445343017578125,-1.3395252227783203,-0.0,-0.0,-1.0,0.11278119157899194,1.0
29.642667770385742,14.071887969970703,-1.506089210510254,-0.0,-0.0,-1.0,0.04944376120988881,1.0
29.13459014892578,13.675105094909668,-1.4647295475006104,-0.0,-0.0,-1.0,0.08882347609184295,2.0
29.2362060546875,13.987351417541504,-1.456986904144287,-0.0,-0.0,-1.0,0.24902499869219896,1.0
28.37826156616211,14.643627166748047,-1.2976603507995605,0.3689665362811147,-0.32960405419673655,-0.869036744080359,0.11802312148481163,3.0
28.8792724609375,14.81395149230957,-1.495577096939087,-0.0,-0.0,-1.0,0.027967795712580283,1.0
29.16089630126953,14.92788314819336,-1.5263681411743164,-0.0,-0.0,-1.0,0.04590600527143569,2.0
29.343814849853516,15.263435363769531,-1.5286314487457275,-0.0,-0.0,-1.0,0.048809045152152945,2.0
27.841205596923828,13.974885940551758,-1.4164764881134033,-0.0,-0.0,-1.0,0.016885094191786437,1.0
28.089576721191406,14.3094482421875,-1.4248321056365967,0.13247718938599834,0.6355062689364682,-0.7606454998452534,0.11059730677186931,7.0
28.37201690673828,14.606332778930664,-1.4412939548492432,-0.9515099267302631,0.08870653789071065,0.2945505210812113,0.2692905605954037,8.0
28.713268280029297,14.845930099487305,-1.4706156253814697,-0.0,-0.0,-1.0,0.046124604983901855,2.0
29.415908813476562,15.446901321411133,-1.5262434482574463,-0.9402496237778729,-0.2853074921010698,-0.18582324918202872,0.1520268799410042,3.0
29.521806716918945,15.196111679077148,-1.2882153987884521,-0.0,-0.0,-1.0,0.12212012844309689,1.0
29.497224807739258,15.530323028564453,-1.2574825286865234,-0.0,-0.0,-1.0,0.18078053501165628,1.0
29.551551818847656,13.728172302246094,-1.6176109313964844,-0.0,-0.0,-1.0,0.21513861416591326,1.0
29.653411865234375,13.960527420043945,-1.6067848205566406,-0.0,-0.0,-1.0,0.10478319423530622,1.0
29.297950744628906,14.784784317016602,-1.4856443405151367,-0.0,-0.0,-1.0,0.06870912955118592,2.0
29.368316650390625,14.96978759765625,-1.476241111755371,-0.0,-0.0,-1.0,0.04068915274709249,1.0
27.829669952392578,13.832605361938477,-1.4113802909851074,-0.0,-0.0,-1.0,0.022325892334106458,2.0
29.352542877197266,15.36154556274414,-1.4372079372406006,-0.0,-0.0,-1.0,0.0713454462608517,1.0
27.977176666259766,13.782051086425781,-1.1304597854614258,-0.0,-0.0,-1.0,0.1668765331851426,1.0
29.30967903137207,14.381969451904297,-1.5631225109100342,-0.7508755577303073,0.2620511913744118,-0.6062302119677403,0.051674580111840875,3.0
27.74049949645996,13.79119873046875,-1.407886266708374,-0.0,-0.0,-1.0,0.1249190435672996,1.0
28.006938934326172,13.885700225830078,-1.433685302734375,-0.0,-0.0,-1.0,0.016592438136791884,1.0
28.05868148803711,14.408374786376953,-1.3920857906341553,0.6173282610785469,0.77022030127161,0.1602076951423009,0.08637777410052351,3.0
28.22197723388672,14.008481979370117,-1.4504883289337158,-0.0,-0.0,-1.0,0.01858943510999348,2.0
28.54995346069336,14.099311828613281,-1.4856514930725098,-0.0,-0.0,-1.0,0.05926838604520761,1.0
28.305940628051758,14.637187957763672,-1.404224157333374,0.7823515700450036,0.5123319829124605,0.35417786510890864,0.1569345185530052,5.0
28.792850494384766,14.215656280517578,-1.5077295303344727,-0.0,-0.0,-1.0,0.042184585459256324,2.0
29.15605926513672,14.72154426574707,-1.5122160911560059,-0.0,-0.0,-1.0,0.05239667663043185,2.0
29.534740447998047,14.764181137084961,-1.5608787536621094,-0.6044386875653806,0.11252342549464003,-0.7886649172425466,0.0215957112451434,3.0
29.508657455444336,15.294466018676758,-1.5119783878326416,-0.0,-0.0,-1.0,0.0737616989373732,2.0
29.56907081604004,15.045156478881836,-1.5415873527526855,-0.0,-0.0,-1.0,0.0983883231082031,1.0
27.88882827758789,13.763412475585938,-1.3840785026550293,-0.0,-0.0,-1.0,0.05321146632432424,1.0
28.276512145996094,14.603256225585938,-1.3537583351135254,-0.0,-0.0,-1.0,0.1600165352892206,2.0
28.223377227783203,13.909822463989258,-1.4152953624725342,-0.0,-0.0,-1.0,0.01774676963624918,2.0
28.424915313720703,14.550516128540039,-1.3797783851623535,0.16529007980705204,0.23454861428544826,-0.9579489219442517,0.09035628440903705,3.0
28.538116455078125,14.052024841308594,-1.444838523864746,-0.0,-0.0,-1.0,0.0972572776033969,1.0
29.012653350830078,14.180274963378906,-1.4988768100738525,-0.0,-0.0,-1.0,0.10906072724228276,1.0
29.4232234954834,14.558063507080078,-1.5208110809326172,-0.0,-0.0,-1.0,0.05109901639854818,1.0
29.369831085205078,14.32939338684082,-1.5351550579071045,-0.0,-0.0,-1.0,0.10346678710316504,1.0
29.593311309814453,15.567262649536133,-1.45045804977417,-0.0,-0.0,-1.0,0.11754497639270844,1.0
29.584651947021484,15.170900344848633,-1.4861035346984863,0.5978513725117132,0.567458903194601,-0.5661838301921395,0.0652905687843249,4.0
29.64898109436035,14.749086380004883,-1.5351512432098389,-0.0,-0.0,-1.0,0.07919195896497684,2.0
28.182828903198242,15.402416229248047,-1.5788342952728271,-0.0947148247171684,-0.4326682333779897,-0.8965641649120075,0.08351805885056786,3.0
27.939332962036133,15.146052360534668,-1.5659503936767578,-0.0,-0.0,-1.0,0.020894958581197377,2.0
28.35226058959961,15.581727027893066,-1.5883479118347168,0.523652671939143,0.6331406455342715,-0.5700182472021769,0.035361226553179664,3.0
27.858543395996094,14.540496826171875,-1.4818694591522217,-0.0,-0.0,-1.0,0.026086064670422515,1.0
28.295862197875977,14.952112197875977,-1.5185308456420898,-0.0,-0.0,-1.0,0.06460401762894243,2.0
28.192222595214844,14.713829040527344,-1.52378249168396,-0.0,-0.0,-1.0,0.09292523226438561,2.0
28.552581787109375,15.088774681091309,-1.551753282546997,-0.0,-0.0,-1.0,0.0182274258564229,1.0
28.873619079589844,15.358180046081543,-1.584709644317627,-0.6915732684792808,-0.3785827232342581,-0.6151435084542612,0.014866490538757387,3.0
28.350330352783203,14.608567237854004,-1.2962217330932617,-0.5828777336016874,0.3877042626359324,-0.7141000997096197,0.16816507495913063,8.0
28.473041534423828,14.579513549804688,-1.3212850093841553,-0.0,-0.0,-1.0,0.17242116762093998,1.0
29.051422119140625,14.098847389221191,-1.4721581935882568,-0.4148063912498118,-0.3739615871902811,-0.8295109336738329,0.2212163522687164,4.0
28.968202590942383,13.781316757202148,-1.4873409271240234,-0.0,-0.0,-1.0,0.19546397339877175,2.0
29.389511108398438,14.10770034790039,-1.5332834720611572,-0.0,-0.0,-1.0,0.024381143976868982,1.0
29.644495010375977,15.415589332580566,-1.4633691310882568,0.11205724224911205,0.008039148877451021,-0.9936692339731817,0.08899315836472504,4.0
29.694869995117188,14.39819049835205,-1.5629916191101074,-0.0,-0.0,-1.0,0.07280818085830996,2.0
28.32133674621582,14.578756332397461,-1.2995731830596924,0.19532497634494458,-0.9303969904402718,-0.310176713818964,0.22169549333916264,9.0
28.783000946044922,13.68037223815918,-1.4821324348449707,-0.0,-0.0,-1.0,0.07543561404778043,1.0
29.078540802001953,14.034225463867188,-1.4941928386688232,0.16558679391823777,0.815239601673447,-0.5549463087031019,0.2359912492626252,3.0
29.18773651123047,13.900677680969238,-1.5285193920135498,-0.0,-0.0,-1.0,0.1382646914046056,1.0
29.473312377929688,14.166544914245605,-1.5500831604003906,-0.0,-0.0,-1.0,0.08368992735226856,2.0
27.811065673828125,14.964566230773926,-1.5345120429992676,-0.3305456026892898,0.24797397302769605,-0.9106308325790607,0.005434709913370748,3.0
28.116397857666016,15.223103523254395,-1.5680029392242432,-0.0,-0.0,-1.0,0.032583043798357296,1.0
29.08024024963379,14.114148139953613,-1.4263567924499512,-0.0,-0.0,-1.0,0.21894942464607808,2.0
29.513586044311523,13.95155143737793,-1.533189058303833,-0.0,-0.0,-1.0,0.03383623308307528,2.0
29.391414642333984,13.780692100524902,-1.5248360633850098,-0.0,-0.0,-1.0,0.05463801737877444,1.0
28.49163055419922,14.521463394165039,-1.2627222537994385,-0.0,-0.0,-1.0,0.09535043016820069,1.0
28.056262969970703,14.98787784576416,-1.5535657405853271,-0.0,-0.0,-1.0,0.017636922522293014,2.0
27.90142059326172,14.849038124084473,-1.530254602432251,-0.0,-0.0,-1.0,0.009336229263777614,1.0
28.388965606689453,15.561248779296875,-1.5773744583129883,-0.0,-0.0,-1.0,0.03469943730079753,2.0
28.237104415893555,15.234609603881836,-1.5726423263549805,-0.0,-0.0,-1.0,0.03950256364278418,1.0
29.60625457763672,13.740089416503906,-1.4695093631744385,-0.563897266139622,-0.053715170047443944,-0.8240962041819113,0.0499326526889679,4.0
28.553192138671875,14.591309547424316,-1.1594746112823486,-0.0,-0.0,-1.0,0.10829303533479595,1.0
28.352161407470703,13.696114540100098,-1.4535584449768066,-0.0,-0.0,-1.0,0.03000028647565728,1.0
28.35129737854004,14.600010871887207,-1.3599696159362793,-0.20156867665558426,-0.8110971720554256,-0.5490823672956615,0.18326484506805563,3.0
28.61297035217285,14.107015609741211,-1.4752001762390137,0.2151572030736034,-0.9381976424264896,0.2710951156161252,0.069564952337045,3.0
28.698379516601562,13.974207878112793,-1.510300636291504,-0.0,-0.0,-1.0,0.08803733424911796,1.0
29.07938003540039,14.660797119140625,-1.5399231910705566,-0.32772379095209253,-0.6267544141489116,-0.7069483865098242,0.032454577422633475,3.0
29.02075958251953,14.401201248168945,-1.549396276473999,-0.0,-0.0,-1.0,0.03174481119936098,1.0
29.330398559570312,15.233179092407227,-1.5546743869781494,-0.0,-0.0,-1.0,0.045537337175014854,2.0
29.209354400634766,14.826850891113281,-1.5584511756896973,-0.0,-0.0,-1.0,0.056214294815820375,1.0
29.38913345336914,15.408050537109375,-1.5556068420410156,-0.0,-0.0,-1.0,0.1401990663060993,2.0
28.14741325378418,14.50345516204834,-1.4829127788543701,-0.0,-0.0,-1.0,0.10136924815730297,1.0
27.981536865234375,14.306053161621094,-1.46065354347229,-0.0,-0.0,-1.0,0.05071306006593042,1.0
28.176382064819336,15.435436248779297,-1.3906004428863525,-0.0,-0.0,-1.0,0.143404483688848,1.0
28.423057556152344,14.953964233398438,-1.5092146396636963,-0.0,-0.0,-1.0,0.06641137693298667,2.0
28.31690788269043,14.747030258178711,-1.5021641254425049,0.17360358047083144,-0.7485289656610501,-0.6399735810282378,0.12298311970504346,3.0
28.717741012573242,15.19959831237793,-1.5662167072296143,0.10246588528756304,0.39324559671952203,-0.9137059937490525,0.015960920990593288,4.0
29.02408790588379,13.906349182128906,-1.2534589767456055,-0.0,-0.0,-1.0,0.17979778540765384,2.0
27.993202209472656,15.120192527770996,-1.5757050514221191,-0.0,-0.0,-1.0,0.02530505821801871,2.0
27.844768524169922,14.956792831420898,-1.5488624572753906,-0.2697160030470415,0.14907303169198752,-0.9513309145205404,0.005758297576521133,4.0
28.24455451965332,15.595861434936523,-1.6028919219970703,-0.09564145261847726,-0.8237547563563299,-0.5588209139978133,0.13222216258352412,4.0
28.13051986694336,15.316428184509277,-1.5965418815612793,-0.0,-0.0,-1.0,0.04726959134227084,1.0
29.32078742980957,14.195810317993164,-1.564502477645874,-0.0,-0.0,-1.0,0.028672034573032606,2.0
29.620628356933594,14.891447067260742,-1.581498384475708,-0.0,-0.0,-1.0,0.0691420259685948,2.0
29.580162048339844,14.642599105834961,-1.592797040939331,-0.0,-0.0,-1.0,0.05258325300791623,2.0
29.480281829833984,14.366506576538086,-1.591198205947876,-0.0,-0.0,-1.0,0.05196999531089298,2.0
28.412994384765625,14.624124526977539,-1.2755169868469238,-0.00881719181105644,-0.757226570561491,-0.6530927789864545,0.11893838495654097,3.0
28.994674682617188,14.050725936889648,-1.49104905128479,-0.15866498734581244,0.8740430480664828,-0.45921037871242104,0.17248146276328932,3.0
28.949039459228516,13.722514152526855,-1.5137953758239746,-0.0,-0.0,-1.0,0.17782600719298683,2.0
29.176389694213867,14.086930274963379,-1.5363028049468994,-0.0,-0.0,-1.0,0.11724721311583265,2.0
29.557029724121094,15.461734771728516,-1.516083002090454,-0.0,-0.0,-1.0,0.1047828331790781,2.0
29.61841583251953,15.077081680297852,-1.5648984909057617,-0.0,-0.0,-1.0,0.09345400557738506,1.0
27.85568618774414,14.833003997802734,-1.5170652866363525,-0.0,-0.0,-1.0,0.005673447045769107,1.0
28.127334594726562,15.379627227783203,-1.5764400959014893,-0.0,-0.0,-1.0,0.09766546512048024,1.0
28.010391235351562,15.072772979736328,-1.5541605949401855,-0.39969394918788065,-0.6303726695581702,-0.6654885757522075,0.024794948937103396,3.0
28.310161590576172,14.537281036376953,-1.2275786399841309,-0.0,-0.0,-1.0,0.1634335438635981,1.0
29.133861541748047,13.954618453979492,-1.5112574100494385,-0.0,-0.0,-1.0,0.17784208590447573,1.0
29.047344207763672,13.668832778930664,-1.5026884078979492,-0.0,-0.0,-1.0,0.11765733557633026,2.0
29.409215927124023,15.509072303771973,-1.5238285064697266,-0.0,-0.0,-1.0,0.12798797089353908,1.0
29.37813377380371,15.22086238861084,-1.5244827270507812,-0.0,-0.0,-1.0,0.049006400936239786,2.0
29.408374786376953,14.820207595825195,-1.5504052639007568,-0.0,-0.0,-1.0,0.05555346526175425,2.0
29.38887596130371,14.38021469116211,-1.5654919147491455,-0.0,-0.0,-1.0,0.04944470231516612,1.0
28.22787857055664,13.67078971862793,-1.4900426864624023,-0.0,-0.0,-1.0,0.05563461188617843,1.0
28.543182373046875,14.106718063354492,-1.5587780475616455,-0.0,-0.0,-1.0,0.04749520171511332,1.0
28.441173553466797,13.919023513793945,-1.53912353515625,-0.0,-0.0,-1.0,0.06318308120113375,1.0
28.603679656982422,14.793793678283691,-1.536128044128418,-0.0,-0.0,-1.0,0.049067435733823994,1.0
28.65927505493164,14.371234893798828,-1.5791015625,-0.0,-0.0,-1.0,0.048080942858456245,2.0
28.972858428955078,15.51224136352539,-1.6249876022338867,-0.0,-0.0,-1.0,0.021201686575123706,1.0
28.893939971923828,15.226329803466797,-1.6106681823730469,-0.0,-0.0,-1.0,0.01600618385457653,1.0
28.778766632080078,14.972947120666504,-1.5841832160949707,-0.0,-0.0,-1.0,0.024525928059517338,1.0
28.352563858032227,14.708333969116211,-1.458402156829834,-0.0,-0.0,-1.0,0.1326871959664041,2.0
28.87887191772461,13.885486602783203,-1.2042672634124756,-0.0,-0.0,-1.0,0.24582341369285785,1.0
29.24779510498047,13.962895393371582,-1.306593418121338,-0.9025693875226473,0.42789653087686147,0.04767661450376605,0.1572257930546359,3.0
29.185775756835938,14.107336044311523,-1.5209567546844482,-0.0,-0.0,-1.0,0.15853153282283336,2.0
29.224105834960938,13.806537628173828,-1.5476915836334229,-0.0,-0.0,-1.0,0.10066640717470823,2.0
29.447582244873047,14.6322021484375,-1.5854194164276123,-0.0,-0.0,-1.0,0.04662245186953603,1.0
29.458110809326172,14.367911338806152,-1.5984256267547607,-0.0,-0.0,-1.0,0.05196999531089299,2.0
29.440990447998047,15.201532363891602,-1.5677227973937988,-0.0,-0.0,-1.0,0.05871832570005402,1.0
29.486190795898438,14.825113296508789,-1.5921518802642822,0.3609960014998285,-0.38045314941862013,-0.8514324917447003,0.040488874421523276,3.0
29.427919387817383,15.42853832244873,-1.5588219165802002,-0.42322179981743824,0.7136067159705558,-0.5582551057366216,0.17938990006823155,3.0
28.405200958251953,14.599874496459961,-1.2472951412200928,-0.0,-0.0,-1.0,0.12938157095062755,2.0
29.64869499206543,13.665971755981445,-1.5207734107971191,-0.566553038174427,0.06759163767794377,-0.8212484553722702,0.1615602053484143,3.0
29.663658142089844,15.405278205871582,-1.485215425491333,0.2901883842084255,0.9382614501788081,-0.18829804241909412,0.07160238049355509,3.0
29.06393051147461,13.652437210083008,-1.4622281789779663,-0.0,-0.0,-1.0,0.12846143975026436,2.0
28.622026443481445,14.10114574432373,-1.5027018785476685,-0.0,-0.0,-1.0,0.07025841062094201,2.0
28.62954330444336,15.010723114013672,-1.53158438205719,-0.0,-0.0,-1.0,0.02118569223998364,2.0
28.759592056274414,14.51626968383789,-1.4980324506759644,-0.0,-0.0,-1.0,0.08152944671372274,1.0
28.718896865844727,14.289633750915527,-1.495998740196228,-0.0,-0.0,-1.0,0.04306141335635254,1.0
28.958942413330078,13.832170486450195,-1.4519444704055786,-0.0,-0.0,-1.0,0.16737792429976725,1.0
28.576732635498047,15.205073356628418,-1.545436978340149,0.3796408681100132,-0.44127890836565925,-0.8131086866417601,0.013426542359828132,3.0
28.806859970092773,14.817972183227539,-1.5021072626113892,-0.0,-0.0,-1.0,0.03403958904010489,2.0
29.32718849182129,14.223588943481445,-1.5535732507705688,-0.0,-0.0,-1.0,0.0540797203924706,2.0
29.460678100585938,14.511948585510254,-1.542465090751648,-0.0,-0.0,-1.0,0.04715303551304541,1.0
29.51782989501953,13.987199783325195,-1.5234025716781616,-0.1396164952856087,0.27756264717328283,-0.950508396142992,0.03277700032078853,3.0
29.62621307373047,13.736093521118164,-1.504287838935852,-0.2002557488558283,0.7297446658579417,-0.6537356940706791,0.055243029366968906,5.0
29.703184127807617,14.833580017089844,-1.5182591676712036,-0.0,-0.0,-1.0,0.12489269106629408,1.0
27.99209976196289,15.404986381530762,-1.555605173110962,-0.0,-0.0,-1.0,0.06336622891887307,1.0
28.144142150878906,15.308795928955078,-1.5343008041381836,-0.0,-0.0,-1.0,0.09036766060304467,1.0
28.094463348388672,15.115516662597656,-1.5348091125488281,-0.0,-0.0,-1.0,0.02873128864980589,2.0
28.43058204650879,14.877386093139648,-1.4872934818267822,-0.1835405454162086,0.16635691028715255,-0.9688334462579382,0.09694250102179335,7.0
28.645050048828125,14.54021167755127,-1.4523303508758545,-0.0,-0.0,-1.0,0.09310862862432533,2.0
28.39850616455078,14.20562744140625,-1.4742038249969482,-0.0,-0.0,-1.0,0.06723487596481074,1.0
28.505207061767578,13.884761810302734,-1.4538745880126953,0.39027030591642453,0.696110820774072,-0.6025934064700245,0.04644234768987682,3.0
28.584964752197266,13.678885459899902,-1.4397497177124023,-0.0,-0.0,-1.0,0.0525406141231625,2.0
29.00201416015625,13.971171379089355,-1.3950951099395752,-0.0,-0.0,-1.0,0.2545160805464964,2.0
27.921907424926758,15.49345588684082,-1.5790534019470215,-0.0,-0.0,-1.0,0.11248937467140988,1.0
28.045513153076172,15.353510856628418,-1.5594022274017334,-0.0,-0.0,-1.0,0.07646246393614686,1.0
28.105756759643555,15.14236068725586,-1.5453486442565918,-0.0,-0.0,-1.0,0.03242524338706367,2.0
28.297033309936523,14.95702838897705,-1.5162274837493896,-0.6211655282008144,0.4489294469694368,-0.6423517246950609,0.06460401762894247,3.0
28.644861221313477,14.70722770690918,-1.4662058353424072,-0.0,-0.0,-1.0,0.028649547341700506,2.0
28.515159606933594,14.419578552246094,-1.4739432334899902,-0.0,-0.0,-1.0,0.10075976594393002,1.0
28.418922424316406,14.098087310791016,-1.4772005081176758,0.8087109192532316,0.5814766532156848,0.0887217608350891,0.03346464942753578,3.0
28.60500144958496,13.82406997680664,-1.4474055767059326,-0.0,-0.0,-1.0,0.06964556172941233,1.0
29.1594295501709,13.941560745239258,-1.3821406364440918,-0.0,-0.0,-1.0,0.16710115761453748,1.0
28.027599334716797,15.296645164489746,-1.540814757347107,-0.0,-0.0,-1.0,0.03424378494909925,1.0
27.936128616333008,15.246875762939453,-1.5506492853164673,-0.0,-0.0,-1.0,0.024773034792877208,2.0
28.686832427978516,14.805926322937012,-1.4429303407669067,-0.0,-0.0,-1.0,0.0346441606550592,2.0
28.52259635925293,14.565155029296875,-1.4565924406051636,-0.3833075926289932,0.44623140766130276,-0.8086734942172757,0.21448224911921376,4.0
28.390390396118164,14.358336448669434,-1.4674664735794067,-0.0,-0.0,-1.0,0.07750749942872191,1.0
28.417478561401367,14.09704303741455,-1.4571954011917114,-0.0,-0.0,-1.0,0.03346464942753574,2.0
29.249391555786133,14.084771156311035,-1.3518649339675903,-0.0,-0.0,-1.0,0.1326363133734354,1.0
28.48746109008789,13.73194694519043,-1.4393178224563599,-0.0,-0.0,-1.0,0.0435625105091596,2.0
28.490726470947266,15.42392635345459,-1.5512640476226807,-0.0,-0.0,-1.0,0.02414978159405431,1.0
28.753154754638672,14.97318172454834,-1.5020599365234375,-0.0,-0.0,-1.0,0.029025118564184993,2.0
28.576974868774414,15.180229187011719,-1.5318408012390137,-0.9996701776452953,0.004125003708520132,0.02534798356926661,0.012696362296525746,3.0
28.713682174682617,14.633909225463867,-1.4969427585601807,-0.0,-0.0,-1.0,0.03969126177482692,2.0
28.600303649902344,14.43002700805664,-1.5060226917266846,-0.0,-0.0,-1.0,0.07298357601618198,2.0
28.77320098876953,14.182791709899902,-1.4763190746307373,-0.0,-0.0,-1.0,0.05158418995230298,2.0
28.61292839050293,14.31705093383789,-1.5012061595916748,-0.0,-0.0,-1.0,0.04985712712656526,1.0
28.988235473632812,14.006577491760254,-1.4431476593017578,0.5859966310553835,-0.22016594168904777,-0.7798300497620723,0.20438335217410303,3.0
28.713727951049805,13.82500171661377,-1.4749879837036133,-0.0,-0.0,-1.0,0.06571064213462857,1.0
29.606534957885742,15.033378601074219,-1.6871817111968994,-0.0,-0.0,-1.0,0.08471753259331238,1.0
29.070905685424805,14.673502922058105,-1.7962698936462402,-0.0,-0.0,-1.0,0.15145214574006133,1.0
28.934377670288086,14.963460922241211,-1.8080589771270752,-0.0,-0.0,-1.0,0.102942341721975,1.0
29.152050018310547,14.364891052246094,-1.796264410018921,-0.0,-0.0,-1.0,0.1781338850769498,1.0
29.48898696899414,13.705381393432617,-1.7710816860198975,-0.0,-0.0,-1.0,0.16713203183868985,1.0
29.42769432067871,13.873126983642578,-1.7726972103118896,-0.0,-0.0,-1.0,0.13988490076261678,1.0
29.128421783447266,14.13949966430664,-1.8116095066070557,-0.0,-0.0,-1.0,0.1978420137355206,1.0
28.272951126098633,14.154684066772461,-1.2657530307769775,-0.0,-0.0,-1.0,0.11903044335885124,1.0
29.3415470123291,14.91474437713623,-1.539339542388916,-0.0,-0.0,-1.0,0.04905132475134705,2.0
29.445571899414062,15.093486785888672,-1.5272061824798584,-0.0,-0.0,-1.0,0.08090405562585556,1.0
29.2277889251709,14.604264259338379,-1.5507829189300537,-0.0,-0.0,-1.0,0.05858019356027629,1.0
29.579532623291016,13.750853538513184,-1.4832122325897217,-0.0,-0.0,-1.0,0.04993265268896799,2.0
29.339218139648438,14.099324226379395,-1.5251426696777344,-0.0,-0.0,-1.0,0.12929828555824116,2.0
29.220006942749023,14.277481079101562,-1.5462610721588135,-0.0,-0.0,-1.0,0.02871279493177363,2.0
28.564041137695312,14.755403518676758,-1.436366319656372,-0.0,-0.0,-1.0,0.066053944207988,2.0
28.332921981811523,14.988442420959473,-1.4718437194824219,-0.0,-0.0,-1.0,0.07794048575774187,1.0
28.042999267578125,15.231300354003906,-1.5165464878082275,-0.0,-0.0,-1.0,0.03252070818218842,2.0
27.867170333862305,15.53006362915039,-1.5444738864898682,-0.0,-0.0,-1.0,0.11303813019681125,1.0
29.01983642578125,14.039056777954102,-1.3679049015045166,-0.0,-0.0,-1.0,0.2706863024400587,1.0
28.48304557800293,14.542551040649414,-1.448699712753296,0.39877145587848395,-0.8335694224475874,-0.3822869915874064,0.17475503836398953,4.0
28.492319107055664,13.896124839782715,-1.4490950107574463,0.39027030591642453,0.696110820774072,-0.6025934064700245,0.054340557319544035,3.0
28.3327693939209,14.269632339477539,-1.4720346927642822,-0.0,-0.0,-1.0,0.05634522628235688,1.0
28.559494018554688,13.666860580444336,-1.440112829208374,0.1976696336757234,-0.3915609642974896,-0.8986694203993623,0.06044181019998374,3.0
28.329381942749023,14.595479965209961,-1.2672418355941772,-0.8240766111345996,0.4538793205304754,-0.33895619388898635,0.20325976555344166,8.0
28.27422332763672,14.61606502532959,-1.2666425704956055,-0.581637125679673,-0.6520938257935741,0.48628376118577943,0.15626075979940676,3.0
28.62091636657715,15.391833305358887,-1.5736790895462036,-0.46128279785327503,0.5268161706260843,-0.7139207958671068,0.013182003831709768,3.0
28.532535552978516,15.563875198364258,-1.5888997316360474,0.060897724887222796,0.8278749044378988,-0.557597175123314,0.019266520380377235,3.0
28.734573364257812,15.190536499023438,-1.5541590452194214,-0.0,-0.0,-1.0,0.015886410333576788,2.0
28.903152465820312,14.879876136779785,-1.5261551141738892,-0.0,-0.0,-1.0,0.021785197513091235,2.0
28.716629028320312,15.110451698303223,-1.5587271451950073,-0.0,-0.0,-1.0,0.02047945919899106,1.0
28.883712768554688,14.519715309143066,-1.5365186929702759,-0.3568176733483388,-0.9286269051122783,0.10165244260651114,0.06922414100213799,4.0
29.476070404052734,13.721593856811523,-1.440541386604309,-0.0,-0.0,-1.0,0.04765206620194723,1.0
29.059066772460938,13.983091354370117,-1.5147126913070679,0.05986164764087611,-0.595069401719429,-0.8014418196469415,0.18527655628600265,3.0
28.94902992248535,14.229695320129395,-1.5300301313400269,-0.0,-0.0,-1.0,0.05199217384663953,2.0
29.209123611450195,13.731345176696777,-1.4922529458999634,-0.0,-0.0,-1.0,0.08842178774222319,1.0
27.72983169555664,15.490208625793457,-1.5551508665084839,-0.0,-0.0,-1.0,0.15273014958789466,1.0
28.38861846923828,14.76960277557373,-1.4249690771102905,-0.34018517100059753,-0.19295651571716818,-0.9203487558928867,0.10361972139893752,3.0
28.199935913085938,14.691207885742188,-1.4615732431411743,0.5641027699900387,-0.813147419142124,-0.14345500908671083,0.10157549969841663,3.0
27.732528686523438,15.042159080505371,-1.5523332357406616,-0.0,-0.0,-1.0,0.004081193991499341,1.0
28.872760772705078,13.931733131408691,-1.3344157934188843,-0.0,-0.0,-1.0,0.17892931560110809,1.0
28.160680770874023,14.336029052734375,-1.4700433015823364,-0.0,-0.0,-1.0,0.08858848615044054,1.0
28.226160049438477,13.812455177307129,-1.4611457586288452,-0.0,-0.0,-1.0,0.036072335642338756,1.0
28.142589569091797,14.106973648071289,-1.4747806787490845,-0.5187238849642072,-0.711306104732554,-0.4743091360471997,0.02527192962434848,3.0
28.805362701416016,15.4728422164917,-1.5713857412338257,-0.15055828768761761,-0.5692129237672486,-0.8082876031617173,0.025415053779539867,3.0
28.880205154418945,15.16976261138916,-1.5522600412368774,-0.0,-0.0,-1.0,0.013464201381270132,2.0
28.965225219726562,14.739715576171875,-1.5320249795913696,-0.0,-0.0,-1.0,0.02154127951738004,2.0
28.915071487426758,14.323732376098633,-1.5453718900680542,-0.0,-0.0,-1.0,0.06548826974775865,2.0
29.12344741821289,13.792047500610352,-1.503916621208191,-0.0,-0.0,-1.0,0.10519840289756581,1.0
29.02347183227539,13.991904258728027,-1.5239149332046509,-0.0,-0.0,-1.0,0.17700542963851368,2.0
28.124134063720703,14.664131164550781,-1.23780357837677,-0.0,-0.0,-1.0,0.18290079220412317,1.0
29.22555160522461,13.684270858764648,-1.4823507070541382,-0.0,-0.0,-1.0,0.09382673663718673,1.0
27.977453231811523,15.400914192199707,-1.6131213903427124,-0.0,-0.0,-1.0,0.01705729739423747,1.0
27.876907348632812,15.633721351623535,-1.6361578702926636,-0.0,-0.0,-1.0,0.10786525302221954,1.0
29.66461181640625,14.64982795715332,-1.6198307275772095,-0.0,-0.0,-1.0,0.051964049863552436,1.0
28.188962936401367,15.037558555603027,-1.5659140348434448,-0.0,-0.0,-1.0,0.05074138723522674,2.0
28.0661678314209,15.182313919067383,-1.5935925245285034,-0.3154317593500384,0.6439361091084086,-0.6970287602241843,0.029823013853199368,3.0
28.57139778137207,14.773635864257812,-1.4786947965621948,-0.0,-0.0,-1.0,0.06380953342030352,2.0
28.46075439453125,14.92978572845459,-1.5027340650558472,0.4387183292782269,0.4804678661597231,-0.7593924263141185,0.07107028275670353,3.0
28.502853393554688,14.591769218444824,-1.4981011152267456,-0.0,-0.0,-1.0,0.10650873358752438,1.0
28.337657928466797,14.412724494934082,-1.5409566164016724,-0.0,-0.0,-1.0,0.06331026194461774,1.0
29.3040771484375,13.991182327270508,-1.3219000101089478,-0.0,-0.0,-1.0,0.20354752168831047,2.0
29.0147647857666,13.910799980163574,-1.3932381868362427,-0.0,-0.0,-1.0,0.2748328228778319,1.0
28.444557189941406,14.126566886901855,-1.5227657556533813,-0.0,-0.0,-1.0,0.04859967814830196,2.0
28.562110900878906,13.788707733154297,-1.5049909353256226,-0.0,-0.0,-1.0,0.04674888280745202,1.0
29.594757080078125,15.290750503540039,-1.4912220239639282,-0.0,-0.0,-1.0,0.07875537788212576,2.0
29.384244918823242,15.092333793640137,-1.555590033531189,-0.0,-0.0,-1.0,0.05801356556070347,1.0
27.78342056274414,15.583707809448242,-1.5727115869522095,-0.0,-0.0,-1.0,0.10056062707446073,1.0
29.32502555847168,14.738887786865234,-1.5816782712936401,0.9390213154802477,-0.06041251465840998,-0.3385104092142403,0.05210562253417215,3.0
28.425045013427734,14.80771541595459,-1.4294503927230835,0.9190219990071616,0.2858071525874036,-0.2715010807911479,0.11138155390059008,4.0
28.1378173828125,14.959769248962402,-1.4972513914108276,-0.0,-0.0,-1.0,0.08612290624485357,2.0
27.844589233398438,15.199869155883789,-1.564855933189392,-0.0,-0.0,-1.0,0.01446468038434612,2.0
29.43099594116211,14.176761627197266,-1.5721875429153442,0.29993486149888904,-0.506585399456396,-0.8083379936111168,0.031089677487433597,3.0
29.329532623291016,14.369139671325684,-1.5932589769363403,-0.7508755577303073,0.2620511913744118,-0.6062302119677403,0.05107739349231641,3.0
28.32528305053711,14.588457107543945,-1.4619191884994507,-0.3126531834919455,0.8092794899172944,-0.4973074441947913,0.1809650297995766,4.0
28.179096221923828,14.68271255493164,-1.4953662157058716,0.7424258562246847,-0.5947596526864033,-0.3083258074592404,0.07722704788469431,3.0
29.550880432128906,13.884868621826172,-1.5519143342971802,-0.0,-0.0,-1.0,0.0523109461663005,1.0
28.94232177734375,13.923110961914062,-1.334642767906189,-0.0,-0.0,-1.0,0.20870817307771009,1.0
28.27737045288086,14.213171005249023,-1.4888015985488892,-0.0,-0.0,-1.0,0.06062504694709562,1.0
28.4578914642334,13.677665710449219,-1.4694961309432983,-0.0,-0.0,-1.0,0.04392108483778666,1.0
28.388179779052734,13.905336380004883,-1.4750689268112183,-0.0,-0.0,-1.0,0.048234604073931514,2.0
29.251575469970703,14.003986358642578,-1.2528084516525269,-0.0,-0.0,-1.0,0.21497580531340138,1.0
28.558910369873047,15.555461883544922,-1.5985106229782104,0.060897724887222796,0.8278749044378988,-0.557597175123314,0.018184227008207078,3.0
28.674999237060547,15.18712043762207,-1.5665522813796997,-0.1284080640993967,0.49513646441199594,-0.8592736762428101,0.013204185366786678,4.0
28.81644058227539,14.682647705078125,-1.5335890054702759,-0.0,-0.0,-1.0,0.017830206503150516,1.0
28.789608001708984,14.764748573303223,-1.5396898984909058,-0.0,-0.0,-1.0,0.03841820759696054,1.0
28.85940170288086,14.296710968017578,-1.5332823991775513,-0.0,-0.0,-1.0,0.07881407888565002,1.0
27.726177215576172,14.572956085205078,-1.4693773984909058,-0.0,-0.0,-1.0,0.011181136694424543,1.0
29.02008819580078,13.760462760925293,-1.5089188814163208,-0.0,-0.0,-1.0,0.20386653348679895,1.0
28.96236801147461,13.970194816589355,-1.515750765800476,-0.0,-0.0,-1.0,0.15528998978309214,1.0
27.89690399169922,14.171173095703125,-1.437757134437561,-0.0,-0.0,-1.0,0.014784131451161869,1.0
27.962072372436523,13.802750587463379,-1.4361284971237183,-0.5229231257774019,-0.02465537053814547,-0.852023190547545,0.02246440826568568,3.0
28.056371688842773,15.597877502441406,-1.3629041910171509,-0.0,-0.0,-1.0,0.18795697143804924,2.0
28.187564849853516,14.564478874206543,-1.346990704536438,-0.0,-0.0,-1.0,0.10092493204044228,1.0
28.922292709350586,13.960878372192383,-1.174066424369812,-0.0,-0.0,-1.0,0.2359046500592869,2.0
28.29231071472168,14.593408584594727,-1.3171439170837402,-0.3066287244580662,-0.9363668105722203,-0.1708684330004452,0.22584589790701548,4.0
27.78821563720703,14.462920188903809,-1.4697818756103516,-0.0,-0.0,-1.0,0.021874359842415383,1.0
27.91002655029297,13.919961929321289,-1.4566147327423096,-0.0,-0.0,-1.0,0.019577934668957547,1.0
27.86282730102539,14.135889053344727,-1.4605116844177246,-0.0,-0.0,-1.0,0.01233690131095367,1.0
29.277416229248047,14.323710441589355,-1.5465360879898071,-0.0,-0.0,-1.0,0.034028166476485475,1.0
29.052242279052734,14.059521675109863,-1.4648786783218384,-0.6440166078996299,-0.3215635431147716,-0.6941465958203129,0.24171022787307472,6.0
29.24993896484375,13.949273109436035,-1.52611243724823,-0.3554711503735683,0.13438854426190128,-0.9249756647735436,0.12466758589445381,3.0
28.402454376220703,14.722965240478516,-1.5294666290283203,-0.0,-0.0,-1.0,0.09823480724520679,1.0
28.405296325683594,14.581920623779297,-1.5252690315246582,-0.0,-0.0,-1.0,0.13581608901335454,2.0
28.640560150146484,14.280433654785156,-1.5919759273529053,-0.0,-0.0,-1.0,0.05491804585587507,1.0
28.356386184692383,15.612844467163086,-1.5499945878982544,-0.4298428493267977,0.7232232419180338,-0.5405397924595275,0.09121723443592168,3.0
28.382831573486328,15.392457008361816,-1.5265957117080688,-0.0,-0.0,-1.0,0.03780604214843533,1.0
28.354400634765625,15.038652420043945,-1.4721518754959106,-0.0,-0.0,-1.0,0.05074333173071009,2.0
28.79534149169922,13.968921661376953,-1.5193008184432983,-0.0,-0.0,-1.0,0.11425099396607673,1.0
28.68824005126953,14.372339248657227,-1.5419081449508667,-0.0,-0.0,-1.0,0.04642322903214432,2.0
29.02561378479004,13.921931266784668,-1.2333682775497437,-0.0,-0.0,-1.0,0.15943144279131802,2.0
29.253698348999023,13.97416877746582,-1.296017050743103,-0.9025693875226473,0.42789653087686147,0.04767661450376605,0.17684888449181813,3.0
29.237775802612305,13.688445091247559,-1.5457789897918701,-0.0,-0.0,-1.0,0.07312531412878517,2.0
28.368606567382812,14.663751602172852,-1.4953155517578125,0.7562562297401478,0.6410272009724497,0.13099863584268284,0.18919373910231518,3.0
28.57754135131836,14.47293758392334,-1.511526346206665,-0.0,-0.0,-1.0,0.07473739339952228,2.0
28.947864532470703,14.297242164611816,-1.5774269104003906,-0.0,-0.0,-1.0,0.038064432369682245,1.0
29.233747482299805,13.863799095153809,-1.4115140438079834,-0.0,-0.0,-1.0,0.16037987244383417,1.0
28.279321670532227,15.176643371582031,-1.5833427906036377,-0.0,-0.0,-1.0,0.0340612823251097,2.0
28.313779830932617,14.899173736572266,-1.5313796997070312,0.19671862133542165,-0.9573188900265243,0.2117600689891149,0.08544346987752653,3.0
28.318119049072266,15.317909240722656,-1.6249058246612549,-0.0,-0.0,-1.0,0.032938418932001216,2.0
29.399017333984375,15.493144989013672,-1.5784523487091064,-0.0,-0.0,-1.0,0.14126678215489089,1.0
29.500835418701172,15.226736068725586,-1.552044153213501,-0.0,-0.0,-1.0,0.05939302578235001,1.0
28.48969078063965,14.529905319213867,-1.184952974319458,-0.0,-0.0,-1.0,0.10829303533479592,1.0
29.05573272705078,13.832406997680664,-1.3836991786956787,-0.0,-0.0,-1.0,0.15864162187427905,1.0
29.67245864868164,13.860261917114258,-1.5536844730377197,-0.0,-0.0,-1.0,0.052696599035133136,1.0
28.49075698852539,14.532033920288086,-1.4175808429718018,-0.8741846792368563,-0.27180731500792943,0.40239524114449277,0.19538484913228032,4.0
29.313230514526367,14.355429649353027,-1.578993558883667,-0.7508755577303073,0.2620511913744118,-0.6062302119677403,0.06288434933521236,3.0
29.564048767089844,14.102827072143555,-1.5826716423034668,-0.0,-0.0,-1.0,0.019380588390186984,2.0
28.508899688720703,14.84261703491211,-1.5060234069824219,0.50918054580289,0.8546601328425039,-0.10144569535226572,0.07906283711241704,3.0
28.94395637512207,14.605781555175781,-1.5493457317352295,-0.0,-0.0,-1.0,0.03488514692162649,1.0
29.205032348632812,14.466083526611328,-1.579179048538208,-0.0,-0.0,-1.0,0.0206179151318406,1.0
27.94988441467285,15.602373123168945,-1.5946667194366455,-0.0,-0.0,-1.0,0.10778678235771393,1.0
28.2814998626709,15.370052337646484,-1.6009628772735596,-0.8499204114106281,-0.24693088330331917,-0.46546797219425434,0.0362144302172504,3.0
28.482492446899414,15.129938125610352,-1.579143762588501,-0.0,-0.0,-1.0,0.023394405348476983,1.0
29.62265968322754,15.109091758728027,-1.5048763751983643,-0.0,-0.0,-1.0,0.08313073541187077,1.0
29.52083969116211,15.396245956420898,-1.5523803234100342,-0.0,-0.0,-1.0,0.14696450507948414,1.0
27.796485900878906,13.716540336608887,-1.4480854272842407,-0.0,-0.0,-1.0,0.01782669706495833,1.0
28.02902603149414,14.146547317504883,-1.4813405275344849,-0.0,-0.0,-1.0,0.0211637266873617,1.0
28.016511917114258,13.78857421875,-1.4251619577407837,-0.0,-0.0,-1.0,0.022080071437527046,1.0
28.206790924072266,14.317089080810547,-1.4831353425979614,-0.0,-0.0,-1.0,0.05431678100126574,1.0
28.23373794555664,14.508182525634766,-1.3325895071029663,-0.0,-0.0,-1.0,0.10935841159017252,1.0
28.3829288482666,14.603094100952148,-1.376136064529419,-0.16899406860350114,-0.9179821654347374,-0.35881715221068416,0.18755788320598168,5.0
28.24709701538086,14.56672477722168,-1.377741813659668,-0.0,-0.0,-1.0,0.20112601739050412,1.0
28.331684112548828,14.596124649047852,-1.258078932762146,-0.8703696956399326,0.4087722121725369,-0.2745211676123006,0.20325976555344186,7.0
29.14272117614746,15.333632469177246,-1.5592772960662842,-0.0,-0.0,-1.0,0.02040406365564483,2.0
29.031661987304688,15.236762046813965,-1.5566654205322266,-0.0,-0.0,-1.0,0.022387637086142075,1.0
29.14420509338379,14.940695762634277,-1.5118541717529297,-0.0,-0.0,-1.0,0.04019725194243632,2.0
28.983854293823242,14.966118812561035,-1.528109073638916,-0.0,-0.0,-1.0,0.03797124662492944,1.0
28.553791046142578,14.602086067199707,-1.3084758520126343,-0.0,-0.0,-1.0,0.11475474593263707,1.0
27.919111251831055,15.500871658325195,-1.3861912488937378,-0.0,-0.0,-1.0,0.18648434620396898,1.0
29.657196044921875,15.054603576660156,-1.6160815954208374,-0.0,-0.0,-1.0,0.08749740899419643,1.0
29.476608276367188,15.002904891967773,-1.6218770742416382,-0.0,-0.0,-1.0,0.07817423372613175,1.0
29.374269485473633,14.915472030639648,-1.6174148321151733,-0.0,-0.0,-1.0,0.057087991136107324,2.0
29.60670280456543,14.71328353881836,-1.59486985206604,-0.0,-0.0,-1.0,0.04871979563000453,1.0
29.415212631225586,14.765243530273438,-1.5859506130218506,-0.0,-0.0,-1.0,0.045312399328847106,1.0
29.108076095581055,13.920963287353516,-1.4299790859222412,-0.0,-0.0,-1.0,0.22061408736116367,2.0
28.91802406311035,14.759136199951172,-1.542036533355713,-0.0,-0.0,-1.0,0.014514514577754975,2.0
29.045734405517578,13.871246337890625,-1.4169847965240479,-0.0,-0.0,-1.0,0.24412858496080317,1.0
28.5278377532959,14.534795761108398,-1.4747827053070068,-0.0,-0.0,-1.0,0.16784209408947848,2.0
28.27916717529297,15.331867218017578,-1.576446294784546,-0.0,-0.0,-1.0,0.03570584976130575,2.0
28.291460037231445,14.423322677612305,-1.4381518363952637,-0.0,-0.0,-1.0,0.11247941812266438,2.0
28.371078491210938,14.542657852172852,-1.2854536771774292,-0.09761059180375721,-0.7424707550521896,-0.6627287154333602,0.18851450470087874,8.0
29.670988082885742,15.257882118225098,-1.5268744230270386,-0.05048369546465628,-0.040172783107443454,-0.9979166017206218,0.07075820539592001,4.0
29.242338180541992,15.461451530456543,-1.572661280632019,-0.0,-0.0,-1.0,0.03271320344007979,1.0
28.85749053955078,15.417985916137695,-1.5726255178451538,0.6821183718728695,0.07008570857201973,-0.7278753466133218,0.018535048959326287,3.0
29.606918334960938,15.246347427368164,-1.5256017446517944,0.6442330742207609,0.08975507553377175,-0.7595444506386668,0.08020823099165006,3.0
29.255483627319336,14.038517951965332,-1.3035167455673218,-0.0,-0.0,-1.0,0.2577842604641475,2.0
29.003055572509766,13.946492195129395,-1.2907840013504028,-0.0,-0.0,-1.0,0.20179674735691738,1.0
28.8785400390625,14.522526741027832,-1.4024204015731812,-0.0,-0.0,-1.0,0.09460231496482516,1.0
28.77484703063965,14.915814399719238,-1.4793254137039185,-0.0,-0.0,-1.0,0.04041826384434271,1.0
28.471519470214844,14.702780723571777,-1.4465473890304565,-0.43426695840070056,-0.11032099283746306,-0.894003068999632,0.08800656431251813,3.0
28.64030647277832,14.86119556427002,-1.4722434282302856,-0.0,-0.0,-1.0,0.04203234887688874,2.0
28.151039123535156,14.475475311279297,-1.412450909614563,0.1483212672441589,0.006403124510013307,-0.9889185010300882,0.12027649876204986,3.0
27.943727493286133,15.231252670288086,-1.5627917051315308,-0.0,-0.0,-1.0,0.025987446741011718,2.0
27.811573028564453,15.172228813171387,-1.5559462308883667,-0.0,-0.0,-1.0,0.09304961063372384,2.0
29.602880477905273,14.848631858825684,-1.5903908014297485,-0.0,-0.0,-1.0,0.055047957390336105,2.0
29.142168045043945,14.050437927246094,-1.4242223501205444,-0.0,-0.0,-1.0,0.23711246142478185,2.0
29.097597122192383,14.66927433013916,-1.555883765220642,-0.32772379095209253,-0.6267544141489116,-0.7069483865098242,0.041490184419722353,3.0
29.385128021240234,14.846723556518555,-1.5909851789474487,-0.0,-0.0,-1.0,0.05767867910516359,2.0
29.025985717773438,14.023421287536621,-1.4195359945297241,-0.16870937327628255,0.9097747103455676,-0.37927183362907724,0.21234822932645342,3.0
28.92626190185547,14.679570198059082,-1.560012698173523,-0.0,-0.0,-1.0,0.039831926623339814,1.0
28.477140426635742,14.470824241638184,-1.5226706266403198,-0.0,-0.0,-1.0,0.1246261696824108,2.0
28.116958618164062,14.111440658569336,-1.4534486532211304,-0.5187238849642072,-0.711306104732554,-0.4743091360471997,0.06742426378096969,3.0
28.171897888183594,14.206727981567383,-1.4725226163864136,-0.0,-0.0,-1.0,0.026484235907296098,1.0
27.74982261657715,13.979451179504395,-1.4347678422927856,-0.0,-0.0,-1.0,0.01737376696699285,2.0
29.65182113647461,15.499168395996094,-1.471587896347046,-0.5945099632916986,0.5100100542194682,-0.6216491358812929,0.06724358352591883,3.0
28.37498664855957,14.585975646972656,-1.2961459159851074,0.09028367693141291,0.03471325309309655,-0.9953109301818398,0.14612938080876361,8.0
29.493200302124023,14.947246551513672,-1.5793871879577637,-0.0,-0.0,-1.0,0.08297276292770171,1.0
29.17130470275879,14.059507369995117,-1.3576679229736328,-0.0,-0.0,-1.0,0.11875414365728469,1.0
29.055875778198242,14.910886764526367,-1.5596740245819092,-0.9198570609897382,0.06381899331658661,-0.38702729030312333,0.0407358799911224,3.0
28.684099197387695,14.762788772583008,-1.517176866531372,-0.0,-0.0,-1.0,0.03411655074785485,1.0
28.308420181274414,14.530454635620117,-1.4563562870025635,-0.6882629482105558,0.31875582861551505,0.6516815448086202,0.18667237743584147,3.0
28.079669952392578,14.397869110107422,-1.4224531650543213,0.6402519472918633,0.7677186754492383,0.026181660670100262,0.10465715716089673,6.0
27.785263061523438,14.806646347045898,-1.5228207111358643,-0.0,-0.0,-1.0,0.007010118897793819,2.0
28.0631046295166,13.64642333984375,-1.2386057376861572,-0.0,-0.0,-1.0,0.15887306931749112,1.0
29.62640380859375,15.160415649414062,-1.5491195917129517,-0.0,-0.0,-1.0,0.06817698470683457,1.0
29.380342483520508,15.250553131103516,-1.5654422044754028,-0.0,-0.0,-1.0,0.08500405285827253,2.0
29.01313018798828,15.364564895629883,-1.5870295763015747,-0.10254006232665247,0.6079886928190944,-0.7872961863378833,0.0201030058338142,6.0
28.689855575561523,15.320062637329102,-1.5674148797988892,-0.0,-0.0,-1.0,0.015272233823814742,2.0
28.442428588867188,15.466341018676758,-1.6062177419662476,-0.0,-0.0,-1.0,0.031802551015511604,1.0
28.417097091674805,14.7127685546875,-1.3880959749221802,-0.0,-0.0,-1.0,0.13466763363507717,2.0
28.440448760986328,15.195737838745117,-1.527845025062561,-0.0,-0.0,-1.0,0.03347242083260266,1.0
28.212270736694336,15.423677444458008,-1.5922049283981323,-0.6112575986004053,0.42765874002797544,-0.6659370467476267,0.08759255058014097,3.0
27.781822204589844,15.362342834472656,-1.5744940042495728,-0.0,-0.0,-1.0,0.09522682557438453,2.0
29.57314682006836,14.49903678894043,-1.583480954170227,0.2835968207158651,0.26707110978729914,-0.9210026414711492,0.06786218621621651,3.0
29.113101959228516,14.603075981140137,-1.559195876121521,-0.0,-0.0,-1.0,0.038349162755026166,1.0
28.860437393188477,14.647674560546875,-1.5446993112564087,-0.0,-0.0,-1.0,0.03494096277559168,1.0
27.766677856445312,14.985115051269531,-1.5498934984207153,-0.0,-0.0,-1.0,0.005434709913370745,1.0
29.65254783630371,15.321968078613281,-1.4636253118515015,-0.0,-0.0,-1.0,0.07064321847290785,1.0
29.532032012939453,15.561924934387207,-1.5154119729995728,-0.0,-0.0,-1.0,0.0748547444450366,1.0
29.089332580566406,14.036964416503906,-1.3865965604782104,-0.0,-0.0,-1.0,0.19653705883366387,1.0
28.681293487548828,14.602371215820312,-1.5120481252670288,-0.0,-0.0,-1.0,0.02717175201358116,2.0
28.421663284301758,14.604196548461914,-1.4870103597640991,0.2790215757721005,0.7731610715745129,-0.5695339477637881,0.18105069502072577,3.0
27.960411071777344,14.7761869430542,-1.499595284461975,-0.0,-0.0,-1.0,0.010058335895809928,1.0
27.802242279052734,14.939443588256836,-1.538150429725647,-0.3305456026892898,0.24797397302769605,-0.9106308325790607,0.004939608297905957,3.0
29.53289031982422,15.08022689819336,-1.59011971950531,-0.8528633832705717,-0.028120151435819887,-0.521376357883152,0.09960668346699152,3.0
29.33735466003418,15.15220832824707,-1.5886482000350952,-0.0,-0.0,-1.0,0.05865595679032281,2.0
28.960737228393555,13.932657241821289,-1.167620062828064,-0.0,-0.0,-1.0,0.199184395778305,2.0
29.129777908325195,15.284581184387207,-1.6065665483474731,-0.0,-0.0,-1.0,0.01714781139983305,1.0
28.72437286376953,15.44995403289795,-1.6166075468063354,-0.0,-0.0,-1.0,0.02513933642382265,1.0
28.53766632080078,15.537996292114258,-1.6267622709274292,0.060897724887222796,0.8278749044378988,-0.557597175123314,0.019522548556000836,3.0
28.353775024414062,14.59324836730957,-1.3061763048171997,-0.30085983298764923,0.4712745307024382,-0.8290860495785949,0.15614514351001194,7.0
28.399065017700195,15.494564056396484,-1.6002863645553589,-0.0,-0.0,-1.0,0.03628871141865852,1.0
28.276992797851562,15.588706016540527,-1.6202431917190552,-0.0,-0.0,-1.0,0.032316523159945945,2.0
28.195045471191406,14.204570770263672,-1.2614448070526123,-0.0,-0.0,-1.0,0.12676284743220012,1.0
27.74319076538086,14.390828132629395,-1.4130935668945312,-0.0,-0.0,-1.0,0.02471655372219541,1.0
27.85916519165039,14.221457481384277,-1.4239206314086914,-0.0,-0.0,-1.0,0.020057524610604498,1.0
28.12889862060547,13.851083755493164,-1.4512896537780762,-0.0,-0.0,-1.0,0.02532022211907109,1.0
28.09117317199707,14.700298309326172,-1.5020952224731445,-0.07599202174803554,-0.1535905417478772,-0.985208180089995,0.03928076030177675,3.0
27.93335723876953,14.470083236694336,-1.4553720951080322,-0.0,-0.0,-1.0,0.04072716803194711,2.0
28.159875869750977,15.103818893432617,-1.5445261001586914,-0.0,-0.0,-1.0,0.03783907513214603,1.0
28.17584991455078,14.905672073364258,-1.5331711769104004,0.8071443507134947,-0.11314127640252543,-0.5794109497457729,0.07196803439273876,3.0
28.0709228515625,13.752995491027832,-1.42561936378479,-0.0,-0.0,-1.0,0.07168905193130458,2.0
28.06633186340332,14.308085441589355,-1.4295613765716553,-0.5718583650684381,0.6192403915546967,-0.5380700212504308,0.09507981211545824,7.0
28.13768196105957,14.088314056396484,-1.4414303302764893,-0.7527981713979358,-0.24347596334408558,-0.6115671413782736,0.0908696746213536,4.0
28.253089904785156,14.917343139648438,-1.4761264324188232,-0.0,-0.0,-1.0,0.16914484975256086,2.0
28.288394927978516,14.674417495727539,-1.478987216949463,-0.02874100309066688,0.47840334862444533,-0.8776697503994655,0.12608355936823132,3.0
28.473344802856445,15.108402252197266,-1.5237748622894287,-0.0,-0.0,-1.0,0.022171611692560517,1.0
28.344850540161133,14.87547779083252,-1.493628978729248,-0.1392633308768451,0.05272972774113478,-0.9888504945063393,0.09648626307401476,5.0
28.649089813232422,15.426984786987305,-1.565943717956543,-0.46128279785327503,0.5268161706260843,-0.7139207958671068,0.019273030377372127,3.0
29.656753540039062,15.626137733459473,-1.4875192642211914,0.0035797615880444763,-0.2711237487861936,-0.9625378424514507,0.13290643018265474,3.0
27.858531951904297,13.690420150756836,-1.4117571115493774,-0.0,-0.0,-1.0,0.05286175373787374,1.0
27.71257972717285,14.302164077758789,-1.4178599119186401,-0.0,-0.0,-1.0,0.015548039348420873,2.0
27.74846649169922,14.200475692749023,-1.4190725088119507,-0.0,-0.0,-1.0,0.014295699160671372,1.0
27.976966857910156,13.82461929321289,-1.445902705192566,-0.5229231257774019,-0.02465537053814547,-0.852023190547545,0.02203393100080513,3.0
27.933563232421875,14.640525817871094,-1.4897650480270386,-0.0,-0.0,-1.0,0.015849918637737506,2.0
28.061412811279297,14.986376762390137,-1.5430306196212769,-0.0,-0.0,-1.0,0.023555858984450687,2.0
28.04328155517578,15.531332969665527,-1.5818804502487183,-0.0,-0.0,-1.0,0.17132509004189334,2.0
28.10202407836914,15.279681205749512,-1.5743852853775024,-0.0,-0.0,-1.0,0.03609646094613365,1.0
28.532045364379883,13.642071723937988,-1.4353495836257935,-0.0,-0.0,-1.0,0.04258858713497616,2.0
28.255508422851562,14.450096130371094,-1.4225128889083862,-0.0,-0.0,-1.0,0.13862915970370376,2.0
28.74625015258789,14.073784828186035,-1.509708046913147,-0.0,-0.0,-1.0,0.07034192614416376,2.0
28.410175323486328,14.782886505126953,-1.480728030204773,0.9168071436459622,0.3172562433336439,-0.24251420046165506,0.10912661606449596,4.0
28.771785736083984,14.419267654418945,-1.5374516248703003,-0.0,-0.0,-1.0,0.09561459702618136,1.0
28.801021575927734,14.339940071105957,-1.5389069318771362,-0.0,-0.0,-1.0,0.08212335561760534,1.0
28.5915470123291,15.235546112060547,-1.5550578832626343,-0.0,-0.0,-1.0,0.012664399227610318,2.0
28.678333282470703,15.460636138916016,-1.5919545888900757,-0.0,-0.0,-1.0,0.020740924127715447,2.0
28.060827255249023,13.906574249267578,-1.4592009782791138,-0.0,-0.0,-1.0,0.014542139172842885,1.0
28.02391815185547,14.370987892150879,-1.4820750951766968,0.8438874462706522,0.30201007289249215,-0.44344548018698887,0.06695197788633847,3.0
28.029319763183594,14.08562183380127,-1.4630855321884155,-0.0,-0.0,-1.0,0.013483540141560748,1.0
28.132896423339844,14.712593078613281,-1.5358809232711792,-0.0,-0.0,-1.0,0.029044228427414453,2.0
28.179819107055664,15.189245223999023,-1.5871182680130005,-0.0,-0.0,-1.0,0.03887256803968248,2.0
28.160533905029297,14.93902587890625,-1.561020016670227,-0.0,-0.0,-1.0,0.042581586103325894,2.0
28.18744468688965,15.520588874816895,-1.6183453798294067,-0.0,-0.0,-1.0,0.03625025877000343,1.0
27.900171279907227,13.717455863952637,-1.4056636095046997,-0.0,-0.0,-1.0,0.054328076335769235,1.0
27.72323226928711,14.253896713256836,-1.3968065977096558,-0.0,-0.0,-1.0,0.014942418082813819,2.0
28.52932357788086,14.57933235168457,-1.2237974405288696,-0.0,-0.0,-1.0,0.1154413442649632,1.0
29.157045364379883,13.962242126464844,-1.326431393623352,-0.0,-0.0,-1.0,0.2003452778923994,1.0
29.663867950439453,15.249190330505371,-1.5155173540115356,0.0642581212624876,-0.5560835763319327,-0.8286386124153902,0.07075820539591998,5.0
29.677770614624023,15.30600643157959,-1.522466778755188,0.08184189192752761,0.22944359662958425,-0.9698750129224918,0.07295558081552889,4.0
28.275083541870117,14.888040542602539,-1.5457626581192017,0.32026090867856255,-0.9375246117580018,-0.1359431966682726,0.06402904727433001,3.0
28.288867950439453,14.76968002319336,-1.5362621545791626,0.17360358047083144,-0.7485289656610501,-0.6399735810282378,0.11177612847295718,3.0
28.4954891204834,14.219234466552734,-1.5316015481948853,-0.0,-0.0,-1.0,0.046597097470052036,1.0
28.261863708496094,15.183323860168457,-1.5760859251022339,-0.0,-0.0,-1.0,0.0349033515352083,2.0
28.127525329589844,14.305795669555664,-1.446539044380188,-0.500119793549214,-0.06362621364073469,-0.8636155956431282,0.09634695308919076,3.0
28.396677017211914,14.039876937866211,-1.4889527559280396,-0.0,-0.0,-1.0,0.03336850566199051,2.0
28.510711669921875,13.790644645690918,-1.4949394464492798,-0.0,-0.0,-1.0,0.046489039281735735,1.0
28.381134033203125,14.558598518371582,-1.3451796770095825,0.7195327277909794,0.6807047731551845,-0.13752696259795968,0.18283966560415305,3.0
29.260536193847656,13.989641189575195,-1.3054338693618774,-0.3555866027721259,0.015371032161079351,-0.9345169336610661,0.17960721593003215,5.0
29.611591339111328,15.350706100463867,-1.5006943941116333,0.2554079908266338,0.7148882511279063,-0.6509236104345777,0.06649331054253994,3.0
27.767776489257812,13.960365295410156,-1.4321229457855225,-0.0,-0.0,-1.0,0.017790280193775068,2.0
27.895496368408203,13.814217567443848,-1.4468836784362793,-0.0,-0.0,-1.0,0.018187487614994165,1.0
29.586711883544922,13.707868576049805,-1.513761043548584,0.44382814373441126,-0.4357322298437277,-0.7830415076512098,0.04993265268896797,4.0
29.281143188476562,14.623481750488281,-1.54390549659729,-0.0,-0.0,-1.0,0.0471163110519992,1.0
29.596698760986328,14.314632415771484,-1.58347487449646,-0.0,-0.0,-1.0,0.10302623342037161,1.0
29.618072509765625,13.921500205993652,-1.5444648265838623,-0.0,-0.0,-1.0,0.04585796410114543,1.0
29.09603500366211,15.104432106018066,-1.560908555984497,-0.0,-0.0,-1.0,0.03301241810285112,1.0
29.32903289794922,14.723751068115234,-1.5678606033325195,-0.0,-0.0,-1.0,0.059353235341414436,2.0
29.562274932861328,14.474733352661133,-1.5938761234283447,0.2835968207158651,0.26707110978729914,-0.9210026414711492,0.06786218621621656,3.0
29.034626007080078,15.445037841796875,-1.5919220447540283,0.14459575521483287,0.3241250164286364,-0.9348984122881953,0.01783837607892053,3.0
29.10593032836914,15.356555938720703,-1.5966005325317383,-0.0,-0.0,-1.0,0.02041565938300757,2.0
28.390949249267578,14.552845001220703,-1.3223047256469727,-0.9689704717954737,-0.23658658237672056,0.0715752319434594,0.18268125463992602,6.0
28.499126434326172,14.512405395507812,-1.3428685665130615,-0.0,-0.0,-1.0,0.1218720195978662,1.0
28.92933464050293,14.01798152923584,-1.5351357460021973,-0.0,-0.0,-1.0,0.15616525995888125,2.0
28.958904266357422,13.847026824951172,-1.5184955596923828,-0.0,-0.0,-1.0,0.12415266705019372,2.0
29.309181213378906,14.719257354736328,-1.622126817703247,-0.0,-0.0,-1.0,0.0602189284290016,2.0
29.622879028320312,14.553504943847656,-1.6310663223266602,-0.0,-0.0,-1.0,0.051065085743464536,2.0
29.143766403198242,13.886990547180176,-1.4085404872894287,-0.0,-0.0,-1.0,0.1702923522371893,1.0
29.31284523010254,14.64236831665039,-1.604989767074585,-0.0,-0.0,-1.0,0.04970059096402793,1.0
29.25493621826172,13.927324295043945,-1.4344580173492432,-0.0,-0.0,-1.0,0.16291091991464793,1.0
29.556283950805664,15.463266372680664,-1.5471172332763672,-0.0,-0.0,-1.0,0.10478283317907815,2.0
28.437110900878906,14.67595100402832,-1.413856029510498,-0.8759306065127725,-0.19998068705085661,-0.43903678363074966,0.14846421964398934,4.0
29.34481430053711,15.16269302368164,-1.56276273727417,-0.0,-0.0,-1.0,0.058704551196433225,2.0
29.21975326538086,15.273431777954102,-1.5804443359375,-0.0,-0.0,-1.0,0.0441257449266261,1.0
28.77265167236328,14.85075569152832,-1.5081167221069336,-0.0,-0.0,-1.0,0.04260204881176849,2.0
29.07941436767578,13.9619140625,-1.3622918128967285,-0.0,-0.0,-1.0,0.2133438411564037,1.0
28.56558609008789,14.58688735961914,-1.463388442993164,-0.0,-0.0,-1.0,0.15475799030428722,2.0
29.582069396972656,15.371047973632812,-1.5583794116973877,-0.0,-0.0,-1.0,0.0912870805620108,1.0
29.16802978515625,13.815390586853027,-1.5542383193969727,-0.0,-0.0,-1.0,0.08650977082214445,1.0
28.431583404541016,14.08752155303955,-1.523359775543213,0.8988999626440163,-0.3034898182652771,0.3160265611746816,0.03456659107737154,3.0
29.152740478515625,14.50589656829834,-1.5859811305999756,-0.0,-0.0,-1.0,0.022502031898556665,2.0
28.919788360595703,14.496392250061035,-1.5599181652069092,-0.3522409763077931,-0.8758329575208661,0.32991351159051596,0.07025622976720067,3.0
28.239635467529297,14.829331398010254,-1.5467731952667236,-0.0,-0.0,-1.0,0.07676768057414796,1.0
28.067733764648438,15.185479164123535,-1.5913770198822021,-0.3154317593500384,0.6439361091084086,-0.6970287602241843,0.029823013853199392,3.0
28.08356475830078,14.41258716583252,-1.4599697589874268,-0.6947850904350792,0.6911361833600098,0.1990086786039188,0.10430199620147519,3.0
28.307146072387695,13.70052433013916,-1.480238437652588,-0.0,-0.0,-1.0,0.027395423914365606,1.0
27.72073745727539,14.073263168334961,-1.473297119140625,-0.0,-0.0,-1.0,0.01014026845189336,1.0
29.542465209960938,14.71999454498291,-1.573103427886963,-0.0,-0.0,-1.0,0.05025143228937859,2.0
29.343425750732422,14.808853149414062,-1.5590605735778809,-0.0,-0.0,-1.0,0.05640455154396169,2.0
28.823932647705078,15.485068321228027,-1.5834546089172363,0.06293303287249107,-0.7479048779497335,-0.6608159554009455,0.025848305918395112,3.0
28.427974700927734,14.774025917053223,-1.440443515777588,0.8595373391779638,-0.5108034455246153,-0.01659525833024091,0.1043175647312551,6.0
29.665241241455078,14.541175842285156,-1.6255788803100586,-0.0,-0.0,-1.0,0.05116263369624937,2.0
28.883296966552734,15.62169361114502,-1.6509532928466797,-0.0,-0.0,-1.0,0.024381582196275474,2.0
29.552215576171875,14.556782722473145,-1.6115317344665527,-0.0,-0.0,-1.0,0.054264944546726805,2.0
29.062580108642578,14.874032020568848,-1.5816855430603027,-0.0,-0.0,-1.0,0.0450486950513269,2.0
28.894779205322266,15.379714965820312,-1.6217522621154785,-0.8361937628929895,0.5195556426951488,-0.17561869217851955,0.01731981417859392,3.0
28.72433090209961,14.71412467956543,-1.5158777236938477,-0.0,-0.0,-1.0,0.026912658527404078,1.0
28.446964263916016,14.834310531616211,-1.4931535720825195,0.18460793434307365,0.5515086125272222,-0.8134851940176182,0.09805474331339338,4.0
28.420093536376953,14.622322082519531,-1.4631733894348145,-0.0,-0.0,-1.0,0.18814076820723818,2.0
29.627620697021484,14.661911010742188,-1.5881781578063965,-0.0,-0.0,-1.0,0.05398669111232463,1.0
29.359947204589844,14.913078308105469,-1.5782380104064941,-0.6662681399885397,-0.6888278434392429,-0.2856623316768493,0.06364223880530476,3.0
29.06739616394043,15.418166160583496,-1.5961699485778809,-0.366211178945636,-0.14299117142512835,-0.9194796883616934,0.01587240143615193,4.0
28.48721694946289,14.644021987915039,-1.4215404987335205,-0.0,-0.0,-1.0,0.20080768658433282,2.0
28.490060806274414,14.911036491394043,-1.45359206199646,0.8622808337849545,-0.35106180695379763,-0.3650032484587757,0.11057813147538682,4.0
28.34273338317871,14.556228637695312,-1.390519142150879,0.0661029170064185,0.9371948337274033,-0.34248539822583307,0.2591595258391205,4.0
29.513952255249023,14.83399772644043,-1.5843513011932373,0.3609960014998285,-0.38045314941862013,-0.8514324917447003,0.04722732512084267,3.0
29.413333892822266,14.90566635131836,-1.580085039138794,-0.0,-0.0,-1.0,0.0641070919170525,1.0
29.081703186035156,15.375692367553711,-1.5996835231781006,0.25041328088897996,0.16329042781420947,-0.9542690526988021,0.02126309342871069,3.0
29.019752502441406,15.60407829284668,-1.6236851215362549,-0.0,-0.0,-1.0,0.02496171315364182,1.0
28.384286880493164,14.546669006347656,-1.387730598449707,0.20179985850914495,0.9137834476849741,-0.3525289035563631,0.1795466843184669,5.0
28.51535987854004,14.820959091186523,-1.4439358711242676,0.36043782909663735,-0.5630876191654398,-0.7436510636707916,0.11858945854930017,5.0
29.39471435546875,14.816446304321289,-1.5891578197479248,-0.9011650606786976,-0.26460301427176086,0.3433464405673338,0.059558509731362695,3.0
29.014204025268555,15.335932731628418,-1.5991113185882568,0.9908971213137301,-0.08675366925314071,-0.10294025375565884,0.01824995912149621,5.0
29.047924041748047,14.019433975219727,-1.438859224319458,-0.3625076723730774,-0.6089985304231954,-0.7054849235901794,0.21234822932645336,4.0
29.006040573120117,15.33000659942627,-1.5971553325653076,-0.2433888414230644,0.46117312692705364,-0.8532767539732127,0.01761630325926169,5.0
28.916446685791016,15.615257263183594,-1.6219336986541748,-0.0,-0.0,-1.0,0.025047960318318293,2.0
28.50933837890625,14.847742080688477,-1.460644006729126,0.38470909984631374,-0.7949474523210223,-0.46910282086527166,0.10646932182930634,7.0
28.441259384155273,14.698591232299805,-1.4313313961029053,-0.5880591272493106,-0.14159337195693494,-0.7963276837311661,0.09974570122701555,4.0
29.47446632385254,14.396516799926758,-1.6362683773040771,-0.0,-0.0,-1.0,0.06925426935704282,1.0
29.44786262512207,14.500480651855469,-1.6358039379119873,-0.0,-0.0,-1.0,0.06986335788135421,1.0
29.32303810119629,13.911542892456055,-1.587622880935669,-0.0,-0.0,-1.0,0.14645613524151468,2.0
29.26521873474121,14.675433158874512,-1.609375238418579,-0.0,-0.0,-1.0,0.05302518991210969,1.0
29.186338424682617,15.231332778930664,-1.6221034526824951,-0.0,-0.0,-1.0,0.018252090356898225,1.0
29.105918884277344,15.436326026916504,-1.6181838512420654,-0.0,-0.0,-1.0,0.01803704383575621,2.0
29.253259658813477,13.677078247070312,-1.565398931503296,-0.0,-0.0,-1.0,0.057865067964249305,2.0
28.694719314575195,14.824498176574707,-1.509554147720337,-0.0,-0.0,-1.0,0.04529335676434287,2.0
28.372289657592773,14.566118240356445,-1.4364428520202637,-0.9565551711539969,-0.13806637731839935,0.2567876165096775,0.2251763143947312,4.0
28.481496810913086,14.863018035888672,-1.4716906547546387,0.041140111971491956,-0.9121347698717442,0.40782061347851717,0.12415749278365747,5.0
28.98166847229004,14.383716583251953,-1.5794992446899414,-0.0,-0.0,-1.0,0.04201982311891667,1.0
28.880340576171875,14.507838249206543,-1.5716495513916016,-0.3522409763077931,-0.8758329575208661,0.32991351159051596,0.07148445707809262,3.0
28.83095932006836,14.120368957519531,-1.5295391082763672,-0.0,-0.0,-1.0,0.0638125901796814,1.0
28.665164947509766,15.144535064697266,-1.5903701782226562,-0.0,-0.0,-1.0,0.019228675535438562,2.0
28.650707244873047,15.442205429077148,-1.6164188385009766,-0.0,-0.0,-1.0,0.020025450344988958,2.0
28.220623016357422,13.681127548217773,-1.3809900283813477,-0.0,-0.0,-1.0,0.05687825147412082,1.0
28.345186233520508,14.607234954833984,-1.482748031616211,0.4643008444793462,-0.8311626864213594,-0.3059302445274006,0.20246877786349451,4.0
28.365461349487305,14.832956314086914,-1.5069656372070312,-0.0,-0.0,-1.0,0.07672171285562349,2.0
28.63690948486328,14.006875038146973,-1.5189027786254883,-0.0,-0.0,-1.0,0.05990008344997828,1.0
28.34940528869629,15.277189254760742,-1.576939582824707,-0.0,-0.0,-1.0,0.03402955706348373,1.0
28.326509475708008,15.526466369628906,-1.5968294143676758,-0.0,-0.0,-1.0,0.04072768356312824,1.0
28.07117462158203,14.345778465270996,-1.4410531520843506,0.3192200723080674,-0.04127278206769277,-0.9467814441020826,0.10349138369449888,7.0
28.27816390991211,14.74905014038086,-1.5150365829467773,-0.22187761872515627,-0.9209612739487499,-0.3203133687430955,0.1171483949711295,4.0
28.26360321044922,15.067316055297852,-1.541348934173584,-0.0,-0.0,-1.0,0.03901247352324902,1.0
28.217506408691406,15.571216583251953,-1.5812430381774902,0.20674372531904858,-0.7639048440269264,-0.6113153206925205,0.13591888055372897,3.0
29.61064910888672,15.447896957397461,-1.510568618774414,-0.0,-0.0,-1.0,0.10199478928761456,1.0
29.114171981811523,15.590169906616211,-1.5915536880493164,-0.0,-0.0,-1.0,0.016258811843711894,2.0
29.21848487854004,14.322068214416504,-1.5657339096069336,-0.9792899899549001,-0.1081738083919235,-0.17114187901305408,0.08700664836130415,3.0
29.134105682373047,14.49832820892334,-1.5550718307495117,-0.0,-0.0,-1.0,0.01711730432014166,2.0
29.024696350097656,15.150459289550781,-1.5570712089538574,-0.0,-0.0,-1.0,0.0381422061069518,2.0
29.01785659790039,15.36886215209961,-1.5642995834350586,-0.08370408877476723,0.6909929517590356,-0.7179988622147816,0.01696805769640278,5.0
28.945512771606445,13.764850616455078,-1.4995903968811035,-0.8012263796315936,0.41283417350297597,-0.4331330439605876,0.18183344973416787,4.0
28.957834243774414,14.034843444824219,-1.5085501670837402,-0.24218782063851813,0.9155639477896595,-0.3210727597323994,0.1478121220792358,3.0
28.492650985717773,14.81821346282959,-1.4449212551116943,0.019215402923331727,-0.5176689959566171,-0.855365172844769,0.10431539491803202,4.0
28.497211456298828,14.495768547058105,-1.4349522590637207,-0.0,-0.0,-1.0,0.1884875035688896,2.0
28.449392318725586,14.669005393981934,-1.431631088256836,-0.3524594576106079,-0.42820127357270893,-0.8321153766464996,0.15135675804385545,5.0
29.54804229736328,15.364474296569824,-1.4914617538452148,0.1846002316080215,0.8705765322352893,-0.45609128035015417,0.1008344399381766,4.0
29.378131866455078,14.694308280944824,-1.6021268367767334,-0.0,-0.0,-1.0,0.07542568270013486,1.0
29.18360137939453,15.34997844696045,-1.5849330425262451,-0.0,-0.0,-1.0,0.023498929339628712,1.0
29.308456420898438,14.490696907043457,-1.585125207901001,-0.0,-0.0,-1.0,0.03685414187220821,1.0
29.07090187072754,14.009209632873535,-1.5332214832305908,0.9245500620766285,-0.37627259615688563,0.06021724084894375,0.2090096627486336,3.0
28.960290908813477,14.208560943603516,-1.5173108577728271,-0.0,-0.0,-1.0,0.05025850133581517,2.0
28.474817276000977,14.989313125610352,-1.4489119052886963,-0.0,-0.0,-1.0,0.06082027622898536,2.0
28.327024459838867,14.747565269470215,-1.4165003299713135,-0.0,-0.0,-1.0,0.11265093420712548,1.0
29.08183479309082,15.19285774230957,-1.5633184909820557,-0.0,-0.0,-1.0,0.040541699152359285,2.0
29.132762908935547,15.476472854614258,-1.5751211643218994,-0.0,-0.0,-1.0,0.019213258692763545,2.0
28.987873077392578,14.301253318786621,-1.5428664684295654,-0.0,-0.0,-1.0,0.06429359497497872,1.0
28.702306747436523,13.897184371948242,-1.4930827617645264,-0.0,-0.0,-1.0,0.11517508285514294,2.0
28.74481773376465,14.092974662780762,-1.4999268054962158,-0.0,-0.0,-1.0,0.07034192614416372,2.0
28.3704891204834,14.6165132522583,-1.433439016342163,-0.25378932265707704,-0.8507297744188023,-0.4602714749173534,0.21848664322598668,8.0
28.412582397460938,14.806699752807617,-1.4416043758392334,0.9724911521561284,0.19461860479518853,0.12800217828466923,0.07705075349610459,8.0
28.473604202270508,13.75743293762207,-1.4531967639923096,-0.0,-0.0,-1.0,0.04555371739207041,2.0
28.17560386657715,14.386189460754395,-1.3984348773956299,0.08120110504400409,0.9682518681968226,-0.23642060035664264,0.11673103945797697,3.0
28.169679641723633,13.700347900390625,-1.399648666381836,-0.10569163281344116,-0.9695477770029189,-0.22092167585351719,0.06716416839893069,3.0
29.70638084411621,15.272042274475098,-1.5222749710083008,-0.05048369546465628,-0.040172783107443454,-0.9979166017206218,0.0715829304302896,4.0
29.536500930786133,15.415229797363281,-1.4927806854248047,-0.0,-0.0,-1.0,0.0988124335496178,2.0
29.529800415039062,13.832277297973633,-1.5152826309204102,-0.0,-0.0,-1.0,0.04750958025161423,1.0
29.023086547851562,14.077064514160156,-1.4263219833374023,-0.0,-0.0,-1.0,0.18000863161088773,2.0
28.279356002807617,14.591413497924805,-1.29356050491333,-0.42148794911777604,-0.8650824489895415,0.271993134469877,0.17342149875895005,4.0
29.138643264770508,15.479596138000488,-1.577873945236206,-0.0,-0.0,-1.0,0.015477361402853846,2.0
28.799392700195312,15.05270004272461,-1.5246293544769287,-0.0,-0.0,-1.0,0.022810745671234152,1.0
28.591686248779297,14.182607650756836,-1.5023829936981201,-0.0,-0.0,-1.0,0.04937361875980621,1.0
28.375402450561523,14.648246765136719,-1.458677053451538,-0.9991659735307515,-0.02168546524388096,-0.03459910310256842,0.2696436433099919,6.0
28.3967342376709,14.85711669921875,-1.459395170211792,0.0321524534034162,-0.8075818924596412,-0.5888783462748872,0.07918140686228026,10.0
28.41127586364746,14.001277923583984,-1.4757182598114014,-0.0,-0.0,-1.0,0.06124601817994055,2.0
28.11532974243164,14.480829238891602,-1.4177720546722412,0.04773212500945877,0.13480060626457666,-0.9897224059264216,0.1313626492096919,4.0
28.671466827392578,15.275286674499512,-1.5977880954742432,-0.0,-0.0,-1.0,0.014267823311060813,1.0
28.794715881347656,15.50975227355957,-1.6141741275787354,-0.15841187011856384,-0.8377829482661606,-0.5225183355634505,0.025415053779539867,3.0
28.52285385131836,15.172517776489258,-1.574967622756958,-0.0,-0.0,-1.0,0.019895167444177637,1.0
28.266071319580078,15.010101318359375,-1.5355312824249268,-0.0,-0.0,-1.0,0.0647064917187025,1.0
27.989261627197266,14.553544044494629,-1.5008385181427002,-0.0,-0.0,-1.0,0.035036647725925,2.0
28.265792846679688,14.883804321289062,-1.5384352207183838,-0.0,-0.0,-1.0,0.0893179944409754,2.0
27.740238189697266,14.44070053100586,-1.4626963138580322,-0.0,-0.0,-1.0,0.024406056346087356,1.0
28.760337829589844,15.291776657104492,-1.558675765991211,-0.0,-0.0,-1.0,0.015617628484344118,1.0
28.823936462402344,15.552461624145508,-1.5693531036376953,-0.0,-0.0,-1.0,0.02411887764360832,2.0
28.52523422241211,14.944488525390625,-1.5207595825195312,-0.0,-0.0,-1.0,0.038259909289591165,1.0
28.67530059814453,15.085319519042969,-1.5449285507202148,-0.0,-0.0,-1.0,0.02187212547171476,1.0
28.10303497314453,14.430682182312012,-1.4548368453979492,-0.0,-0.0,-1.0,0.1342990567370084,2.0
28.222084045410156,14.708471298217773,-1.4723353385925293,-0.4279760140275038,-0.014284023242339999,-0.9036772090172143,0.10228280887269736,3.0
27.954235076904297,14.464366912841797,-1.4305007457733154,-0.0,-0.0,-1.0,0.06372190964274184,2.0
28.258647918701172,14.755332946777344,-1.4782774448394775,-0.0,-0.0,-1.0,0.11934341590517361,2.0
28.34619140625,15.061326026916504,-1.490020990371704,-0.0,-0.0,-1.0,0.04579591547913838,2.0
28.653209686279297,15.296063423156738,-1.5407612323760986,-0.0,-0.0,-1.0,0.013736175048046083,1.0
28.131858825683594,13.70981502532959,-1.423102617263794,0.1704690052062107,-0.8397849334569938,-0.5154624950494828,0.06969554113795605,5.0
28.306930541992188,13.911469459533691,-1.448777437210083,-0.0,-0.0,-1.0,0.021517081596989455,1.0
28.256610870361328,14.087153434753418,-1.4362590312957764,-0.0,-0.0,-1.0,0.10419017537282524,1.0
28.759639739990234,14.990316390991211,-1.5090949535369873,-0.0,-0.0,-1.0,0.019598189286712857,2.0
28.990123748779297,15.206932067871094,-1.547485113143921,-0.0,-0.0,-1.0,0.021455259610073205,1.0
29.096866607666016,15.58569622039795,-1.5627052783966064,-0.0,-0.0,-1.0,0.016258811843711887,2.0
28.15920639038086,14.49346923828125,-1.411109447479248,0.1483212672441589,0.006403124510013307,-0.9889185010300882,0.11956150460012811,3.0
28.39096450805664,14.843255996704102,-1.445866346359253,-0.3145494326759877,-0.05982937014587102,-0.9473537358722783,0.07704273434147141,7.0
29.622234344482422,13.795793533325195,-1.5166034698486328,-0.0,-0.0,-1.0,0.055157612725106275,2.0
29.081619262695312,13.988764762878418,-1.4189691543579102,-0.0,-0.0,-1.0,0.24473749165297917,2.0
28.31870460510254,14.556052207946777,-1.273390531539917,-0.8680627238556061,-0.32006924983150287,0.3795033369611983,0.18350697249462503,6.0
29.599586486816406,15.5176362991333,-1.4755873680114746,-0.0,-0.0,-1.0,0.06853386862763851,2.0
29.450159072875977,13.788618087768555,-1.511965036392212,-0.0,-0.0,-1.0,0.054662475138217065,1.0
29.676986694335938,13.952085494995117,-1.548410177230835,-0.0,-0.0,-1.0,0.04424995098122143,1.0
28.370363235473633,14.295051574707031,-1.3044426441192627,-0.0,-0.0,-1.0,0.12611818939169434,1.0
29.67283058166504,14.749200820922852,-1.5287554264068604,-0.0,-0.0,-1.0,0.07506299173760167,2.0
29.53355598449707,15.170942306518555,-1.4945881366729736,-0.714201266796465,-0.3142423583897396,-0.625434481540616,0.06032738474217255,3.0
29.62208366394043,15.550193786621094,-1.5041840076446533,-0.0,-0.0,-1.0,0.08130696663960861,2.0
29.30982208251953,14.039661407470703,-1.2447407245635986,-0.0,-0.0,-1.0,0.21896249965113015,1.0
28.689090728759766,15.356225967407227,-1.5741965770721436,-0.03912705855271387,-0.1849749169997016,-0.9819640285519455,0.01321378304386818,3.0
28.80642318725586,15.579551696777344,-1.5824830532073975,-0.0,-0.0,-1.0,0.02111640992212129,2.0
27.951862335205078,14.66385269165039,-1.4808509349822998,-0.0,-0.0,-1.0,0.01379758044851373,2.0
28.100914001464844,14.716465950012207,-1.5053670406341553,-0.5966045494755408,-0.28950717641983237,-0.7484975660257707,0.03957472669088627,4.0
28.193511962890625,14.908452987670898,-1.5091102123260498,-0.0,-0.0,-1.0,0.12065995958740476,2.0
28.470352172851562,15.242451667785645,-1.5391700267791748,-0.0,-0.0,-1.0,0.029936788404246836,1.0
27.95288848876953,13.83737850189209,-1.4314939975738525,-0.5229231257774019,-0.02465537053814547,-0.852023190547545,0.020933119084785654,3.0
28.07217025756836,14.344964981079102,-1.415703535079956,0.2772051066732559,-0.009612572714541419,-0.9607626799996326,0.09370632765142728,6.0
28.131072998046875,14.055452346801758,-1.4486644268035889,-0.0,-0.0,-1.0,0.08776163309178493,2.0
28.359394073486328,14.664990425109863,-1.4481937885284424,-0.6437384544929483,-0.06751650220007112,-0.762261322734991,0.20855449606181922,5.0
28.488136291503906,14.316755294799805,-1.4981176853179932,-0.0,-0.0,-1.0,0.05864945698571524,2.0
28.652973175048828,14.891319274902344,-1.4900486469268799,-0.0,-0.0,-1.0,0.038928109015283964,2.0
29.03215789794922,15.07326889038086,-1.5530588626861572,-0.0,-0.0,-1.0,0.034445309813332416,1.0
29.243793487548828,15.393844604492188,-1.5749475955963135,-0.0,-0.0,-1.0,0.03964820559276421,1.0
28.40343475341797,13.688360214233398,-1.4543769359588623,-0.0,-0.0,-1.0,0.0326378048680104,1.0
28.410888671875,14.528400421142578,-1.3876135349273682,0.16529007980705204,0.23454861428544826,-0.9579489219442517,0.12585255666522577,3.0
28.769149780273438,14.026388168334961,-1.4958064556121826,-0.0,-0.0,-1.0,0.12625047928153288,2.0
28.698123931884766,13.882413864135742,-1.493945837020874,-0.0,-0.0,-1.0,0.10861594340452906,2.0
29.13125991821289,14.325801849365234,-1.5418469905853271,-0.0,-0.0,-1.0,0.02998713007369598,2.0
29.34978485107422,14.798439025878906,-1.5491454601287842,-0.0,-0.0,-1.0,0.06435078756885934,2.0
29.24370574951172,14.50040340423584,-1.550391435623169,-0.0,-0.0,-1.0,0.031767282672004904,2.0
29.425121307373047,15.39244270324707,-1.522463083267212,-0.0,-0.0,-1.0,0.17352705775083738,1.0
29.396831512451172,15.0432710647583,-1.5408542156219482,-0.0,-0.0,-1.0,0.07629720403690551,1.0
28.335777282714844,14.557271957397461,-1.3005993366241455,-0.060844108976691666,-0.42872862380781945,-0.9013821395671682,0.2216954933391626,6.0
28.957597732543945,14.00062370300293,-1.464489221572876,-0.0,-0.0,-1.0,0.17876866829818375,2.0
28.913543701171875,13.70108413696289,-1.4752247333526611,-0.0,-0.0,-1.0,0.16063154250577785,1.0
29.28679084777832,14.115477561950684,-1.525240182876587,-0.0,-0.0,-1.0,0.16141417164846822,2.0
29.302183151245117,14.02444076538086,-1.5341227054595947,-0.0,-0.0,-1.0,0.10075665469850957,1.0
29.585596084594727,14.618024826049805,-1.5576298236846924,-0.0,-0.0,-1.0,0.052583253007916254,2.0
29.505537033081055,14.30291748046875,-1.5594041347503662,-0.0,-0.0,-1.0,0.09228605524289299,1.0
29.588695526123047,15.625988006591797,-1.5044705867767334,-0.0,-0.0,-1.0,0.10960483872859612,2.0
29.558895111083984,15.167214393615723,-1.5216505527496338,-0.06783831680687512,-0.8734388791232792,-0.482185117158006,0.06297674310704353,4.0
29.628942489624023,14.817431449890137,-1.5555446147918701,-0.0,-0.0,-1.0,0.11359157491221628,1.0
27.7962646484375,14.875497817993164,-1.506873369216919,-0.0,-0.0,-1.0,0.004693729915489116,1.0
28.07061004638672,15.234450340270996,-1.5478317737579346,-0.0,-0.0,-1.0,0.03454219204021907,2.0
27.99123191833496,15.069757461547852,-1.539797067642212,-0.39969394918788065,-0.6303726695581702,-0.6654885757522075,0.01859412249031176,3.0
28.215354919433594,15.466093063354492,-1.5677969455718994,-0.0,-0.0,-1.0,0.09110273921503786,2.0
27.79485321044922,14.125807762145996,-1.3835422992706299,-0.0,-0.0,-1.0,0.012278586420604283,1.0
27.80181884765625,13.795557022094727,-1.4027643203735352,-0.7686916714942587,0.3092908552335167,-0.5598680925399149,0.12384623307977692,4.0
28.22072982788086,14.590373992919922,-1.4652316570281982,-0.2341324828169618,-0.19221351924371535,-0.9530141360493616,0.14332053509325066,3.0
28.03752326965332,14.296004295349121,-1.4340827465057373,-0.0,-0.0,-1.0,0.07189161532943218,2.0
28.470443725585938,15.013001441955566,-1.5088417530059814,-0.0,-0.0,-1.0,0.03799183873114316,1.0
28.315662384033203,14.800678253173828,-1.4792864322662354,-0.0,-0.0,-1.0,0.11684956267129164,1.0
28.855144500732422,15.625011444091797,-1.582768201828003,-0.0,-0.0,-1.0,0.023382608099321724,1.0
28.70231056213379,15.264883041381836,-1.5569899082183838,-0.0,-0.0,-1.0,0.013801629466993023,2.0
28.29629135131836,14.643198013305664,-1.496263027191162,-0.0,-0.0,-1.0,0.12124354943265093,2.0
28.576496124267578,15.149619102478027,-1.5457401275634766,-0.0,-0.0,-1.0,0.01899235609668757,2.0
28.73361587524414,15.3657865524292,-1.5777716636657715,-0.0,-0.0,-1.0,0.01563389325177871,2.0
27.97607421875,14.18185806274414,-1.4391932487487793,-0.0,-0.0,-1.0,0.025943330092681877,1.0
27.87850570678711,13.880148887634277,-1.431358814239502,-0.0,-0.0,-1.0,0.016975305951663973,1.0
28.243497848510742,14.666534423828125,-1.481813907623291,0.020779683083910993,0.23049439671179628,-0.9728517553334617,0.10634415438758836,3.0
28.039722442626953,14.382375717163086,-1.4442434310913086,0.6804710371001231,0.2058994218029181,-0.7032528675868353,0.08640053793723002,5.0
28.42367172241211,15.060135841369629,-1.5102629661560059,-0.0,-0.0,-1.0,0.03763201356747219,1.0
28.33417510986328,14.91168212890625,-1.4937787055969238,0.785506220403887,-0.23321630149464062,-0.5732278206995549,0.09279034455720245,5.0
28.13985824584961,14.386634826660156,-1.4088881015777588,0.24937013880477232,0.03218206296412765,-0.9678733639768488,0.10796756741512975,4.0
28.209896087646484,13.967283248901367,-1.4522178173065186,-0.0,-0.0,-1.0,0.01409639726233516,2.0
28.088367462158203,13.748130798339844,-1.4360029697418213,-0.5462499800153974,-0.4475529678081215,-0.7080305786753285,0.07062144871907476,3.0
28.21240234375,15.512977600097656,-1.3678743839263916,-0.0,-0.0,-1.0,0.1570243314711855,1.0
28.43520736694336,14.857946395874023,-1.4574801921844482,-0.49743104560952317,0.17587231674813297,-0.8494888363395139,0.09602991501597474,10.0
28.358352661132812,14.604772567749023,-1.4517652988433838,-0.8170534767646205,0.11230155703365904,0.5655192095717543,0.20740376634777022,10.0
28.301685333251953,14.169618606567383,-1.462723970413208,-0.0,-0.0,-1.0,0.0980105375420678,2.0
28.710071563720703,14.994454383850098,-1.520709753036499,-0.0,-0.0,-1.0,0.01813463137139496,2.0
29.031816482543945,15.478473663330078,-1.5807645320892334,-0.0,-0.0,-1.0,0.01672705285951578,2.0
28.89840316772461,15.17820930480957,-1.5600974559783936,-0.0,-0.0,-1.0,0.013557890855984595,2.0
27.90433120727539,15.171366691589355,-1.5652508735656738,-0.0,-0.0,-1.0,0.015726255098377058,2.0
27.743534088134766,14.843323707580566,-1.5271272659301758,-0.5284335349583638,-0.2297727643141373,-0.8172897135721502,0.005269909252702126,3.0
28.032726287841797,15.522544860839844,-1.595320701599121,-0.0,-0.0,-1.0,0.13552907439922438,2.0
29.61042022705078,13.65446949005127,-1.4953155517578125,-0.0,-0.0,-1.0,0.16220634294024355,2.0
28.4666748046875,14.617979049682617,-1.1820015907287598,-0.0,-0.0,-1.0,0.11108582863067455,1.0
29.08104705810547,14.076410293579102,-1.3503992557525635,-0.0,-0.0,-1.0,0.21558580359021562,1.0
29.66293716430664,15.59385871887207,-1.4784040451049805,0.0035797615880444763,-0.2711237487861936,-0.9625378424514507,0.12948879198106333,3.0
28.22389793395996,13.891157150268555,-1.452765703201294,-0.0,-0.0,-1.0,0.020803403896008755,2.0
28.146095275878906,13.711868286132812,-1.4389245510101318,-0.027381937656322138,-0.9631228064964399,-0.2676652556769497,0.06716416839893061,4.0
28.373653411865234,14.902536392211914,-1.458662748336792,0.0964298231144722,-0.06782800914604027,-0.9930260069048528,0.07666712761935468,4.0
28.29708480834961,14.49341106414795,-1.4502089023590088,-0.6882629482105558,0.31875582861551505,0.6516815448086202,0.20547674176417166,3.0
28.28807830810547,14.05919075012207,-1.4638822078704834,-0.0,-0.0,-1.0,0.07304834176243001,1.0
28.599998474121094,15.011970520019531,-1.519965410232544,-0.0,-0.0,-1.0,0.018656089833440942,2.0
28.847244262695312,15.439203262329102,-1.5801846981048584,-0.0,-0.0,-1.0,0.019938037099217723,2.0
28.787355422973633,15.185294151306152,-1.5688230991363525,-0.0,-0.0,-1.0,0.01828338051104581,1.0
29.130229949951172,14.010578155517578,-1.424333095550537,-0.0,-0.0,-1.0,0.24678969512045681,2.0
29.52014923095703,14.044144630432129,-1.5311760902404785,-0.0,-0.0,-1.0,0.02918087168057214,2.0
29.382999420166016,13.703998565673828,-1.5001773834228516,-0.0,-0.0,-1.0,0.04980865835327507,2.0
29.66079330444336,14.205541610717773,-1.56746244430542,-0.0,-0.0,-1.0,0.08732048258516002,1.0
29.20566177368164,14.493165969848633,-1.5223937034606934,-0.0,-0.0,-1.0,0.02402453590173236,2.0
29.160884857177734,14.755857467651367,-1.538240909576416,-0.9926369585875391,0.05963450990261667,-0.10543051586118003,0.05442705254365549,3.0
29.047882080078125,15.184985160827637,-1.5559344291687012,-0.2523920705426059,0.20065994689460184,-0.9465906340332506,0.03774989397267029,3.0
28.775421142578125,15.583277702331543,-1.536332607269287,-0.0,-0.0,-1.0,0.021749945645760365,1.0
29.393707275390625,13.888553619384766,-1.505500316619873,-0.0,-0.0,-1.0,0.06684369364090927,1.0
28.716842651367188,14.073638916015625,-1.3745722770690918,-0.0,-0.0,-1.0,0.12356292809167241,1.0
29.29112434387207,13.858457565307617,-1.5646815299987793,-0.0,-0.0,-1.0,0.09750029855889741,1.0
29.063566207885742,14.44748306274414,-1.5716042518615723,-0.0,-0.0,-1.0,0.010656316299977878,1.0
29.031618118286133,14.699114799499512,-1.590054988861084,-0.0,-0.0,-1.0,0.09408174404780026,2.0
28.9089298248291,15.129674911499023,-1.6066851615905762,-0.0,-0.0,-1.0,0.013881393887003253,1.0
28.82285499572754,15.296028137207031,-1.6045145988464355,-0.0,-0.0,-1.0,0.014465970842085035,1.0
28.658903121948242,14.12287425994873,-1.4460301399230957,-0.0,-0.0,-1.0,0.07166956917104303,2.0
28.50528907775879,15.48623275756836,-1.5522189140319824,-0.0,-0.0,-1.0,0.02354108320442304,1.0
28.537805557250977,15.621743202209473,-1.5741333961486816,-0.0,-0.0,-1.0,0.019001751820090132,2.0
27.725553512573242,13.902304649353027,-1.3897795677185059,-0.0,-0.0,-1.0,0.0203500504397079,1.0
28.001399993896484,14.67747688293457,-1.4516310691833496,-0.0,-0.0,-1.0,0.029153163649385763,1.0
28.178749084472656,14.983617782592773,-1.4951024055480957,0.46576776061646225,-0.7583067985757619,-0.45610436569288,0.15466096700873422,3.0
28.287334442138672,15.352993965148926,-1.519514560699463,-0.0,-0.0,-1.0,0.08229370750684957,1.0
27.713367462158203,14.29732894897461,-1.3797688484191895,0.9757725446053945,0.21865622390312703,0.007576077001922509,0.017103233723609338,3.0
27.88341522216797,14.489455223083496,-1.4226346015930176,-0.0,-0.0,-1.0,0.031987776724363676,1.0
29.272747039794922,13.649561882019043,-1.4509787559509277,-0.0,-0.0,-1.0,0.0664967334645321,1.0
29.43984603881836,13.990618705749512,-1.481128215789795,-0.0,-0.0,-1.0,0.0376514546098833,1.0
29.678970336914062,14.394186019897461,-1.5290942192077637,-0.0,-0.0,-1.0,0.11214969108957859,2.0
29.5931339263916,15.186298370361328,-1.4704546928405762,0.014072159070937515,0.7089016687721936,-0.7051669294224464,0.0629458033882225,3.0
29.55392074584961,15.536398887634277,-1.4452528953552246,-0.0,-0.0,-1.0,0.05276656466263262,2.0
28.402271270751953,13.91963005065918,-1.4577159881591797,-0.0,-0.0,-1.0,0.05456552454005061,2.0
28.492481231689453,14.134973526000977,-1.4850788116455078,-0.0,-0.0,-1.0,0.04786488771512755,1.0
28.477420806884766,14.348630905151367,-1.4819469451904297,-0.0,-0.0,-1.0,0.08604007323683348,2.0
28.312774658203125,14.651659965515137,-1.436173439025879,-0.46495409514599806,-0.28175971177317627,-0.8393027786374013,0.19990542818531856,5.0
28.482280731201172,14.932775497436523,-1.4884061813354492,0.7434780296552904,-0.4175563135924846,-0.5223860109142872,0.06860540568689856,5.0
28.687942504882812,15.217850685119629,-1.5516433715820312,-0.13736988937604536,0.15290076032369473,-0.9786474702288099,0.014196567614156252,4.0
28.765846252441406,15.492620468139648,-1.5779533386230469,-0.28311392471429137,-0.7599417470507708,-0.5850940494675134,0.024138076048333543,3.0
29.50434112548828,14.252175331115723,-1.5853967666625977,-0.0,-0.0,-1.0,0.08504169678117436,1.0
29.548524856567383,14.513744354248047,-1.5867977142333984,0.4735916468174848,-0.14787713013541479,-0.8682415023757023,0.048288825714159926,4.0
29.55952262878418,14.770904541015625,-1.5789127349853516,-0.0,-0.0,-1.0,0.023106251909511367,2.0
29.509410858154297,15.074477195739746,-1.5514020919799805,-0.8528633832705717,-0.028120151435819887,-0.521376357883152,0.1296618345631577,3.0
29.463760375976562,15.328985214233398,-1.5277376174926758,-0.0,-0.0,-1.0,0.11994905871275974,2.0
29.33142852783203,13.918902397155762,-1.5493736267089844,-0.0,-0.0,-1.0,0.06527189453217613,2.0
28.606063842773438,13.840999603271484,-1.5162830352783203,-0.0,-0.0,-1.0,0.04334009397201022,1.0
28.68290138244629,14.088211059570312,-1.5181760787963867,-0.0,-0.0,-1.0,0.07104283796810112,1.0
28.904943466186523,14.340339660644531,-1.5675153732299805,-0.0,-0.0,-1.0,0.0685778884927643,2.0
28.29325294494629,14.520893096923828,-1.3525094985961914,-0.8595760616310071,0.41483753378188515,0.29839372452632124,0.12713350146795813,3.0
28.992671966552734,14.678507804870605,-1.5661392211914062,-0.0,-0.0,-1.0,0.019797282224649562,1.0
29.060062408447266,14.928257942199707,-1.5667600631713867,-0.0,-0.0,-1.0,0.037751988994912035,2.0
29.213153839111328,15.185636520385742,-1.5950345993041992,-0.0,-0.0,-1.0,0.0366098346033019,1.0
29.300687789916992,15.441488265991211,-1.602853775024414,-0.0,-0.0,-1.0,0.0665028326431201,1.0
27.77606964111328,15.232884407043457,-1.2728538513183594,-0.0,-0.0,-1.0,0.07905853738301001,1.0
29.14386558532715,15.310213088989258,-1.5617623329162598,-0.0,-0.0,-1.0,0.020067313498541236,2.0
29.50051498413086,15.138145446777344,-1.5883479118347168,-0.0,-0.0,-1.0,0.06640812118744072,1.0
28.252511978149414,14.896720886230469,-1.350867748260498,-0.0,-0.0,-1.0,0.15811555770378194,1.0
28.182260513305664,15.016372680664062,-1.3603949546813965,-0.0,-0.0,-1.0,0.1328712140375797,1.0
29.453601837158203,15.019669532775879,-1.5563583374023438,-0.0,-0.0,-1.0,0.09393866977907922,1.0
29.401371002197266,15.257657051086426,-1.614166259765625,-0.0,-0.0,-1.0,0.06466871874682259,1.0
29.68201446533203,14.29089641571045,-1.391148567199707,-0.0,-0.0,-1.0,0.07181291322002542,1.0
28.960599899291992,14.106291770935059,-1.2464723587036133,-0.0,-0.0,-1.0,0.1209184115359735,1.0
29.44761085510254,14.278494834899902,-1.3567447662353516,-0.0,-0.0,-1.0,0.14951046919890662,1.0
28.943506240844727,14.364502906799316,-1.313338279724121,-0.0,-0.0,-1.0,0.16301121496628546,1.0
28.944110870361328,15.159733772277832,-1.5288219451904297,-0.0,-0.0,-1.0,0.02612267661003601,1.0
28.856874465942383,15.376553535461426,-1.5771923065185547,-0.30530799704655853,0.10881221071772326,-0.9460163475004753,0.015858154591652334,3.0
28.934877395629883,15.432494163513184,-1.6023979187011719,-0.0,-0.0,-1.0,0.017354763554766974,2.0
28.290863037109375,15.5435209274292,-1.5521678924560547,-0.0,-0.0,-1.0,0.14733809451797056,1.0
28.850099563598633,14.430502891540527,-1.356335163116455,-0.0,-0.0,-1.0,0.10700048997213353,1.0
28.77913475036621,13.911672592163086,-1.3304991722106934,-0.0,-0.0,-1.0,0.15936429351364617,1.0
29.11151695251465,15.058077812194824,-1.4291081428527832,-0.0,-0.0,-1.0,0.036631711525946284,1.0
29.37318229675293,15.316404342651367,-1.495415210723877,-0.0,-0.0,-1.0,0.07032050376706202,1.0
28.267501831054688,14.163644790649414,-1.4812321662902832,-0.0,-0.0,-1.0,0.10473391446538807,2.0
28.014636993408203,14.394947052001953,-1.4834198951721191,0.8438874462706522,0.30201007289249215,-0.44344548018698887,0.0942453931258291,3.0
28.99213218688965,13.831332206726074,-1.5039525032043457,-0.0,-0.0,-1.0,0.2002478056907304,2.0
29.1168155670166,13.689398765563965,-1.500983715057373,-0.0,-0.0,-1.0,0.09862007540161118,2.0
28.097013473510742,14.340449333190918,-1.4314227104187012,-0.14291077308710073,0.25334433571648274,-0.9567618086525095,0.12036343163117057,7.0
28.76656150817871,14.16739559173584,-1.5252604484558105,-0.0,-0.0,-1.0,0.06748248250394258,1.0
28.110517501831055,14.672396659851074,-1.4992375373840332,-0.07599202174803554,-0.1535905417478772,-0.985208180089995,0.0403681618202011,3.0
28.51875877380371,14.404422760009766,-1.5239596366882324,-0.0,-0.0,-1.0,0.08372944905943655,1.0
27.99350357055664,15.009683609008789,-1.5442452430725098,-0.0,-0.0,-1.0,0.016696058778681692,1.0
29.586181640625,15.197638511657715,-1.459193229675293,0.014072159070937515,0.7089016687721936,-0.7051669294224464,0.06893859275106164,3.0
29.411252975463867,15.44670581817627,-1.502385139465332,-0.0,-0.0,-1.0,0.09466308409757056,2.0
29.488147735595703,14.014992713928223,-1.5109267234802246,-0.4645158302441214,-0.10117700808863928,-0.8797660237170145,0.03245205498075333,3.0
28.10613250732422,14.394549369812012,-1.3667287826538086,-0.0,-0.0,-1.0,0.1035655977960036,1.0
28.630037307739258,14.530484199523926,-1.4586386680603027,-0.0,-0.0,-1.0,0.09310862862432535,2.0
28.873004913330078,14.519699096679688,-1.4913411140441895,-0.0,-0.0,-1.0,0.07204995406731103,2.0
28.2602481842041,14.943306922912598,-1.4629435539245605,0.9644419916889886,-0.2642752677652754,-0.0031980485564484635,0.15847915624524,3.0
28.202295303344727,15.382000923156738,-1.5150971412658691,-0.0,-0.0,-1.0,0.12354726979669177,1.0
